

best_pos =[ 0   -0.5133    1.1978   -1.1978  ;
           0   -0.0933   -0.6533   -0.6533  ;
           0         0    0.2400    0.0267    ];

 best_vel =[    0   -0.2333    0.5444   -0.5444 ;
         0   -0.0778   -0.5444   -0.5444  ;
         0   -0.0600    0.0600   -0.0467 ];

best_acc = [[0,0,0]',rand(3,3)];


  
    
  