-0.58979,-0.58968,-0.58946,-0.58911,-0.58865,-0.58806,-0.58736,-0.58654,-0.5856,-0.58454,-0.58336,-0.58207,-0.58066,-0.57913,-0.57749,-0.57572,-0.57385,-0.57186,-0.56975,-0.56753,-0.5652,-0.56275,-0.56019,-0.55752,-0.55474,-0.55185,-0.54885,-0.54574,-0.54252,-0.53919,-0.53576,-0.53222,-0.52857,-0.52482,-0.52097,-0.51701,-0.51295,-0.50879,-0.50453,-0.50017,-0.49571,-0.49116,-0.4865,-0.48175,-0.47691,-0.47197,-0.46694,-0.46182,-0.45661,-0.4513,-0.44591,-0.44044,-0.43487,-0.42922,-0.42349,-0.41767,-0.41177,-0.40579,-0.39973,-0.3936,-0.38738,-0.38109,-0.37473,-0.36829,-0.36179,-0.35521,-0.34856,-0.34184,-0.33506,-0.32821,-0.3213,-0.31432,-0.30729,-0.30019,-0.29303,-0.28582,-0.27856,-0.27123,-0.26386,-0.25643,-0.24896,-0.24143,-0.23386,-0.22625,-0.21859,-0.21088,-0.20314,-0.19535,-0.18753,-0.17967,-0.17178,-0.16385,-0.15589,-0.1479,-0.13989,-0.13184,-0.12377,-0.11567,-0.10756,-0.099418,-0.091259,-0.083083,-0.07489,-0.066683,-0.058462,-0.05023,-0.041987,-0.033737,-0.025479,-0.017217,-0.0089503,-0.00068196,0.0075869,0.015855,0.024119,0.03238,0.040635,0.048882,0.05712,0.065348,0.073563,0.081764,0.08995,0.098119,0.10627,0.1144,0.12251,0.13059,0.13865,0.14669,0.15469,0.16267,0.17062,0.17853,0.18641,0.19425,0.20206,0.20982,0.21755,0.22524,0.23288,0.24048,0.24803,0.25553,0.26299,0.27039,0.27775,0.28505,0.29229,0.29948,0.30661,0.31368,0.3207,0.32765,0.33453,0.34136,0.34811,0.3548,0.36143,0.36798,0.37446,0.38087,0.3872,0.39347,0.39965,0.40576,0.41179,0.41774,0.42361,0.42939,0.4351,0.44072,0.44625,0.4517,0.45706,0.46233,0.46751,0.4726,0.4776,0.48251,0.48732,0.49204,0.49666,0.50118,0.50561,0.50994,0.51417,0.5183,0.52232,0.52625,0.53007,0.53379,0.5374,0.54091,0.54432,0.54761,0.5508,0.55388,0.55685,0.55972,0.56247,0.56511,0.56764,0.57006,0.57236,0.57455,0.57663,0.57859,0.58044,0.58218,0.5838,0.5853,0.58668,0.58795,0.58911,0.59014,0.59106,0.59186,0.59254,0.5931,0.59354,0.59386,0.59407,0.59415,0.59412,0.59396,0.59369,0.59329,0.59277,0.59214,0.59138,0.59051,0.58951,0.58839,0.58716,0.5858,0.58432,0.58272,0.58101,0.57917,0.57721,0.57514,0.57294,0.57063,0.5682,0.56565,0.56298,0.5602,0.55729,0.55427,0.55113,0.54788,0.54451,0.54103,0.53743,0.53371,0.52989,0.52594,0.52189,0.51772,0.51344,0.50905,0.50455,0.49994,0.49522,0.49039,0.48546,0.48042,0.47526,0.47001,0.46465,0.45918,0.45361,0.44794,0.44217,0.4363,0.43032,0.42425,0.41808,0.41181,0.40544,0.39898,0.39243,0.38578,0.37903,0.3722,0.36528,0.35827,0.35116,0.34398,0.3367,0.32934,0.3219,0.31437,0.30676,0.29907,0.2913,0.28346,0.27553,0.26754,0.25946,0.25132,0.2431,0.23481,0.22645,0.21802,0.20953,0.20097,0.19235,0.18366,0.17491,0.1661,0.15724,0.14831,0.13933,0.1303,0.12121,0.11207,0.10288,0.093645,0.08436,0.075028,0.065652,0.056233,0.046773,0.037272,0.027733,0.018157,0.008545,-0.0011007,-0.010779,-0.020488,-0.030227,-0.039993,-0.049786,-0.059604,-0.069445,-0.079308,-0.089191,-0.099092,-0.10901,-0.11894,-0.12889,-0.13885,-0.14882,-0.1588,-0.16879,-0.17879,-0.18878,-0.19879,-0.20879,-0.21879,-0.22879,-0.23879,-0.24878,-0.25876,-0.26874,-0.27871,-0.28866,-0.29861,-0.30853,-0.31845,-0.32834,-0.33822,-0.34807,-0.3579,-0.36771,-0.37749,-0.38725,-0.39698,-0.40667,-0.41634,-0.42597,-0.43557,-0.44513,-0.45465,-0.46414,-0.47358,-0.48298,-0.49234,-0.50165,-0.51091,-0.52013,-0.5293,-0.53841,-0.54748,-0.55649,-0.56544,-0.57434,-0.58318,-0.59196,-0.60068,-0.60933,-0.61793,-0.62646,-0.63492,-0.64331,-0.65163,-0.65989,-0.66807,-0.67618,-0.68421,-0.69217,-0.70005,-0.70786,-0.71558,-0.72323,-0.73079,-0.73827,-0.74566,-0.75297,-0.7602,-0.76733,-0.77438,-0.78134,-0.7882,-0.79498,-0.80166,-0.80825,-0.81474,-0.82113,-0.82743,-0.83363,-0.83974,-0.84574,-0.85164,-0.85744,-0.86313,-0.86872,-0.87421,-0.87959,-0.88487,-0.89003,-0.89509,-0.90005,-0.90489,-0.90962,-0.91424,-0.91875,-0.92315,-0.92743,-0.9316,-0.93565,-0.93959,-0.94342,-0.94712,-0.95072,-0.95419,-0.95755,-0.96078,-0.9639,-0.9669,-0.96978,-0.97254,-0.97518,-0.97769,-0.98009,-0.98236,-0.98451,-0.98654,-0.98845,-0.99023,-0.99189,-0.99342,-0.99483,-0.99612,-0.99728,-0.99832,-0.99924,-1,-1.0007,-1.0012,-1.0016,-1.0019,-1.0021,-1.0021,-1.002,-1.0018,-1.0015,-1.001,-1.0005,-0.99974,-0.99891,-0.99795,-0.99686,-0.99565,-0.99432,-0.99286,-0.99128,-0.98958,-0.98776,-0.98581,-0.98374,-0.98154,-0.97923,-0.97679,-0.97424,-0.97156,-0.96876,-0.96584,-0.96281,-0.95965,-0.95638,-0.95299,-0.94948,-0.94586,-0.94212,-0.93827,-0.9343,-0.93021,-0.92602,-0.92171,-0.91729,-0.91275,-0.90811,-0.90336,-0.89849,-0.89352,-0.88844,-0.88326,-0.87797,-0.87257,-0.86707,-0.86147,-0.85576,-0.84995,-0.84404,-0.83804,-0.83193,-0.82572,-0.81942,-0.81302,-0.80653,-0.79994,-0.79326,-0.78649,-0.77963,-0.77268,-0.76564,-0.75851,-0.75129,-0.74399,-0.73661,-0.72914,-0.72159,-0.71396,-0.70625,-0.69847,-0.6906,-0.68266,-0.67465,-0.66656,-0.6584,-0.65017,-0.64187,-0.6335,-0.62506,-0.61656,-0.60799,-0.59936,-0.59067,-0.58192,-0.57311,-0.56424,-0.55532,-0.54634,-0.5373,-0.52822,-0.51908,-0.50989,-0.50066,-0.49138,-0.48205,-0.47268,-0.46327,-0.45382,-0.44432,-0.43479,-0.42523,-0.41562,-0.40599,-0.39632,-0.38662,-0.37689,-0.36714,-0.35735,-0.34755,-0.33772,-0.32786,-0.31799,-0.3081,-0.29819,-0.28826,-0.27832,-0.26837,-0.25841,-0.24843,-0.23845,-0.22846,-0.21847,-0.20847,-0.19847,-0.18847,-0.17846,-0.16847,-0.15847,-0.14848,-0.1385,-0.12852,-0.11855,-0.1086,-0.098653,-0.088724,-0.07881,-0.068913,-0.059035,-0.049176,-0.039338,-0.029524,-0.019733,-0.0099678,-0.00022978,0.0094798,0.019159,0.028808,0.038423,0.048005,0.057551,0.06706,0.07653,0.085961,0.095351,0.1047,0.114,0.12326,0.13247,0.14164,0.15075,0.15982,0.16883,0.17779,0.18669,0.19554,0.20433,0.21307,0.22174,0.23036,0.23891,0.2474,0.25582,0.26418,0.27247,0.2807,0.28885,0.29694,0.30495,0.3129,0.32076,0.32856,0.33627,0.34391,0.35148,0.35896,0.36636,0.37369,0.38093,0.38808,0.39516,0.40214,0.40905,0.41586,0.42259,0.42923,0.43578,0.44223,0.4486,0.45487,0.46106,0.46714,0.47314,0.47903,0.48483,0.49054,0.49614,0.50165,0.50706,0.51237,0.51757,0.52268,0.52768,0.53258,0.53738,0.54207,0.54666,0.55115,0.55553,0.5598,0.56397,0.56802,0.57198,0.57582,0.57955,0.58318,0.58669,0.5901,0.5934,0.59658,0.59966,0.60262,0.60547,0.60821,0.61084,0.61336,0.61576,0.61805,0.62023,0.62229,0.62424,0.62608,0.6278,0.62941,0.63091,0.63229,0.63355,0.63471,0.63575,0.63667,0.63748,0.63818,0.63876,0.63923,0.63958,0.63983,0.63995,0.63997,0.63987,0.63965,0.63932,0.63889,0.63833,0.63767,0.63689,0.636,0.635,0.63389,0.63267,0.63133,0.62989,0.62833,0.62667,0.62489,0.62301,0.62102,0.61892,0.61672,0.6144,0.61199,0.60946,0.60683,0.60409,0.60125,0.59831,0.59526,0.59211,0.58886,0.58551,0.58206,0.5785,0.57485,0.5711,0.56725,0.5633,0.55926,0.55512,0.55089,0.54656,0.54214,0.53763,0.53303,0.52833,0.52355,0.51867,0.51371,0.50866,0.50353,0.49831,0.493,0.48761,0.48214,0.47659,0.47095,0.46524,0.45945,0.45358,0.44763,0.44161,0.43551,0.42935,0.4231,0.41679,0.41041,0.40395,0.39743,0.39085,0.38419,0.37748,0.37069,0.36385,0.35695,0.34998,0.34296,0.33588,0.32874,0.32155,0.31431,0.30701,0.29966,0.29226,0.28481,0.27731,0.26977,0.26218,0.25455,0.24687,0.23916,0.2314,0.22361,0.21578,0.20791,0.20001,0.19207,0.1841,0.1761,0.16807,0.16002,0.15193,0.14383,0.13569,0.12754,0.11936,0.11116,0.10295,0.094713,0.086464,0.0782,0.069923,0.061635,0.053335,0.045027,0.036711,0.028388,0.02006,0.011729,0.0033957,-0.0049386,-0.013273,-0.021605,-0.029933,-0.038258,-0.046576,-0.054887,-0.063189,-0.071481,-0.079762,-0.08803,-0.096284,-0.10452,-0.11274,-0.12095,-0.12913,-0.13729,-0.14543,-0.15355,-0.16164,-0.16971,-0.17775,-0.18576,-0.19374,-0.20169,-0.2096,-0.21748,-0.22533,-0.23314,-0.24091,-0.24864,-0.25633,-0.26398,-0.27159,-0.27915,-0.28667,-0.29413,-0.30156,-0.30893,-0.31625,-0.32352,-0.33074,-0.3379,-0.34501,-0.35207,-0.35906,-0.366,-0.37287,-0.37969,-0.38644,-0.39313,-0.39976,-0.40632,-0.41281,-0.41924,-0.42559,-0.43188,-0.4381,-0.44424,-0.45032,-0.45631,-0.46224,-0.46808,-0.47385,-0.47955,-0.48516,-0.4907,-0.49615,-0.50152,-0.50681,-0.51202,-0.51714,-0.52218,-0.52713,-0.53199,-0.53677,-0.54145,-0.54605,-0.55056,-0.55498,-0.5593,-0.56354,-0.56768,-0.57172,-0.57567,-0.57953,-0.58329,-0.58695,-0.59052,-0.59399,-0.59736,-0.60063,-0.6038,-0.60687,-0.60984,-0.61271,-0.61547,-0.61813,-0.62069,-0.62315,-0.6255,-0.62775,-0.62989,-0.63193,-0.63386,-0.63569,-0.63741,-0.63902,-0.64052,-0.64192,-0.64321,-0.64439,-0.64546,-0.64642,-0.64728,-0.64802,-0.64866,-0.64918,-0.6496,-0.6499,-0.65009,-0.65018,-0.65015,-0.65001,-0.64977,-0.64941,-0.64894,-0.64836,-0.64766,-0.64686,-0.64595,-0.64492,-0.64379,-0.64254,-0.64118,-0.63971,-0.63813,-0.63644,-0.63464,-0.63273,-0.63071,-0.62858,-0.62634,-0.62399,-0.62153,-0.61896,-0.61628,-0.61349,-0.6106,-0.6076,-0.60448,-0.60127,-0.59794,-0.59451,-0.59097,-0.58733,-0.58358,-0.57973,-0.57577,-0.57171,-0.56754,-0.56328,-0.5589,-0.55443,-0.54986,-0.54518,-0.54041,-0.53553,-0.53056,-0.52548,-0.52031,-0.51504,-0.50968,-0.50422,-0.49866,-0.49301,-0.48726,-0.48143,-0.4755,-0.46947,-0.46336,-0.45716,-0.45087,-0.44449,-0.43802,-0.43146,-0.42482,-0.4181,-0.41128,-0.40439,-0.39741,-0.39036,-0.38322,-0.376,-0.3687,-0.36133,-0.35388,-0.34635,-0.33875,-0.33107,-0.32332,-0.3155,-0.30761,-0.29965,-0.29162,-0.28352,-0.27536,-0.26713,-0.25883,-0.25047,-0.24205,-0.23357,-0.22503,-0.21643,-0.20778,-0.19907,-0.1903,-0.18147,-0.1726,-0.16367,-0.1547,-0.14567,-0.13659,-0.12747,-0.11831,-0.10909,-0.09984,-0.090543,-0.081206,-0.07183,-0.062416,-0.052965,-0.043479,-0.033958,-0.024404,-0.014819,-0.0052039,0.0044404,0.014112,0.023811,0.033534,0.043281,0.05305,0.062841,0.072651,0.082479,0.092324,0.10218,0.11206,0.12195,0.13185,0.14176,0.15168,0.1616,0.17153,0.18147,0.19141,0.20135,0.21129,0.22124,0.23118,0.24111,0.25104,0.26097,0.27089,0.28079,0.29069,0.30058,0.31045,0.32031,0.33015,0.33998,0.34978,0.35957,0.36934,0.37908,0.3888,0.39849,0.40816,0.41779,0.4274,0.43698,0.44653,0.45604,0.46551,0.47496,0.48436,0.49372,0.50305,0.51233,0.52157,0.53077,0.53992,0.54903,0.55808,0.56709,0.57605,0.58495,0.59381,0.6026,0.61135,0.62003,0.62866,0.63723,0.64574,0.65419,0.66258,0.6709,0.67915,0.68734,0.69547,0.70352,0.7115,0.71942,0.72726,0.73503,0.74272,0.75034,0.75788,0.76535,0.77274,0.78004,0.78727,0.79442,0.80148,0.80846,0.81535,0.82216,0.82888,0.83552,0.84206,0.84852,0.85489,0.86116,0.86735,0.87344,0.87943,0.88533,0.89114,0.89685,0.90246,0.90797,0.91339,0.9187,0.92392,0.92903,0.93404,0.93895,0.94375,0.94846,0.95305,0.95754,0.96193,0.9662,0.97038,0.97444,0.97839,0.98224,0.98597,0.9896,0.99311,0.99651,0.9998,1.003,1.006,1.009,1.0118,1.0146,1.0172,1.0197,1.022,1.0243,1.0265,1.0285,1.0304,1.0322,1.0339,1.0354,1.0369,1.0382,1.0394,1.0405,1.0415,1.0423,1.0431,1.0437,1.0442,1.0446,1.0448,1.045,1.045,1.0449,1.0447,1.0443,1.0439,1.0433,1.0426,1.0418,1.0409,1.0398,1.0386,1.0373,1.0359,1.0344,1.0328,1.031,1.0291,1.0271,1.025,1.0228,1.0204,1.0179,1.0154,1.0127,1.0099,1.0069,1.0039,1.0007,0.99746,0.99408,0.99058,0.98698,0.98326,0.97943,0.97549,0.97144,0.96728,0.96301,0.95863,0.95415,0.94955,0.94485,0.94005,0.93514,0.93013,0.92501,0.91979,0.91447,0.90904,0.90352,0.89789,0.89217,0.88635,0.88043,0.87441,0.8683,0.86209,0.85579,0.84939,0.84291,0.83633,0.82966,0.8229,0.81606,0.80912,0.8021,0.795,0.78781,0.78054,0.77318,0.76574,0.75823,0.75063,0.74296,0.7352,0.72738,0.71948,0.7115,0.70345,0.69533,0.68715,0.67889,0.67056,0.66217,0.65371,0.64519,0.63661,0.62796,0.61926,0.61049,0.60167,0.59279,0.58386,0.57487,0.56583,0.55674,0.5476,0.53841,0.52917,0.51989,0.51056,0.50119,0.49177,0.48232,0.47283,0.4633,0.45374,0.44413,0.4345,0.42484,0.41514,0.40541,0.39566,0.38588,0.37608,0.36625,0.3564,0.34653,0.33664,0.32673,0.31681,0.30687,0.29692,0.28696,0.27699,0.26701,0.25702,0.24703,0.23703,0.22703,0.21702,0.20702,0.19702,0.18702,0.17703,0.16704,0.15706,0.14709,0.13713,0.12719,0.11725,0.10733,0.097432,0.087547,0.077682,0.067838,0.058017,0.048219,0.038447,0.028701,0.018984,0.0092961,-0.00036034,-0.0099842,-0.019574,-0.029128,-0.038645,-0.048124,-0.057564,-0.066961,-0.076317,-0.085628,-0.094894,-0.10411,-0.11328,-0.1224,-0.13147,-0.14049,-0.14946,-0.15837,-0.16722,-0.17601,-0.18475,-0.19342,-0.20204,-0.21059,-0.21907,-0.22749,-0.23585,-0.24413,-0.25235,-0.26049,-0.26857,-0.27657,-0.28449,-0.29234,-0.30012,-0.30781,-0.31543,-0.32296,-0.33042,-0.33779,-0.34508,-0.35228,-0.3594,-0.36643,-0.37337,-0.38022,-0.38699,-0.39366,-0.40024,-0.40672,-0.41312,-0.41941,-0.42561,-0.43171,-0.43772,-0.44362,-0.44943,-0.45514,-0.46074,-0.46624,-0.47163,-0.47693,-0.48211,-0.4872,-0.49217,-0.49704,-0.5018,-0.50645,-0.51099,-0.51542,-0.51973,-0.52394,-0.52803,-0.53201,-0.53588,-0.53963,-0.54327,-0.54679,-0.5502,-0.55349,-0.55666,-0.55972,-0.56265,-0.56547,-0.56817,-0.57075,-0.57321,-0.57555,-0.57777,-0.57987,-0.58184,-0.5837,-0.58543,-0.58704,-0.58853,-0.58989,-0.59113,-0.59225,-0.59325,-0.59412,-0.59487,-0.59549,-0.59599,-0.59637,-0.59662,-0.59675,-0.59675,-0.59663,-0.59639,-0.59602,-0.59552,-0.59491,-0.59417,-0.5933,-0.59231,-0.5912,-0.58996,-0.5886,-0.58712,-0.58551,-0.58378,-0.58193,-0.57996,-0.57786,-0.57565,-0.57331,-0.57085,-0.56827,-0.56557,-0.56275,-0.55981,-0.55675,-0.55358,-0.55028,-0.54687,-0.54334,-0.53969,-0.53593,-0.53206,-0.52807,-0.52396,-0.51974,-0.51541,-0.51096,-0.50641,-0.50174,-0.49697,-0.49208,-0.48709,-0.48198,-0.47677,-0.47146,-0.46604,-0.46051,-0.45488,-0.44915,-0.44331,-0.43738,-0.43134,-0.42521,-0.41897,-0.41264,-0.40622,-0.39969,-0.39308,-0.38637,-0.37956,-0.37267,-0.36568,-0.35861,-0.35145,-0.3442,-0.33687,-0.32945,-0.32195,-0.31436,-0.3067,-0.29895,-0.29113,-0.28322,-0.27525,-0.26719,-0.25907,-0.25087,-0.2426,-0.23426,-0.22585,-0.21737,-0.20883,-0.20022,-0.19155,-0.18282,-0.17403,-0.16517,-0.15627,-0.1473,-0.13828,-0.1292,-0.12008,-0.1109,-0.10167,-0.092399,-0.083078,-0.073713,-0.064304,-0.054853,-0.045362,-0.035832,-0.026264,-0.016661,-0.0070228,0.0026478,0.01235,0.022082,0.031842,0.041628,0.05144,0.061275,0.071133,0.081011,0.090908,0.10082,0.11075,0.1207,0.13065,0.14062,0.1506,0.16058,0.17057,0.18057,0.19057,0.20057,0.21057,0.22057,0.23057,0.24056,0.25054,0.26052,0.27048,0.28044,0.29038,0.30031,0.31022,0.32012,0.32999,0.33985,0.34968,0.35949,0.36927,0.37903,0.38875,0.39845,0.40812,0.41775,0.42735,0.43691,0.44643,0.45592,0.46536,0.47476,0.48412,0.49343,0.50269,0.51191,0.52107,0.53019,0.53925,0.54826,0.55721,0.56611,0.57494,0.58372,0.59243,0.60108,0.60967,0.61819,0.62665,0.63504,0.64335,0.6516,0.65977,0.66787,0.6759,0.68385,0.69172,0.69951,0.70722,0.71485,0.7224,0.72986,0.73724,0.74453,0.75174,0.75886,0.76588,0.77282,0.77966,0.78641,0.79307,0.79963,0.8061,0.81247,0.81874,0.82491,0.83097,0.83694,0.84281,0.84857,0.85423,0.85978,0.86523,0.87057,0.8758,0.88092,0.88594,0.89084,0.89563,0.90031,0.90488,0.90933,0.91367,0.9179,0.922,0.926,0.92987,0.93363,0.93727,0.94079,0.94419,0.94748,0.95064,0.95368,0.9566,0.95939,0.96207,0.96462,0.96705,0.96935,0.97153,0.97359,0.97552,0.97733,0.97901,0.98057,0.982,0.9833,0.98448,0.98553,0.98645,0.98725,0.98792,0.98846,0.98887,0.98916,0.98932,0.98936,0.98926,0.98904,0.98869,0.98822,0.98761,0.98688,0.98603,0.98504,0.98393,0.98269,0.98133,0.97984,0.97822,0.97648,0.97461,0.97262,0.9705,0.96826,0.96589,0.9634,0.96079,0.95806,0.9552,0.95222,0.94912,0.94589,0.94255,0.93909,0.93551,0.9318,0.92798,0.92405,0.91999,0.91582,0.91154,0.90714,0.90262,0.89799,0.89325,0.8884,0.88344,0.87836,0.87318,0.86788,0.86248,0.85698,0.85136,0.84564,0.83982,0.8339,0.82787,0.82174,0.81551,0.80918,0.80275,0.79622,0.7896,0.78289,0.77608,0.76917,0.76218,0.75509,0.74792,0.74065,0.7333,0.72587,0.71835,0.71074,0.70306,0.69529,0.68744,0.67951,0.67151,0.66343,0.65528,0.64705,0.63875,0.63038,0.62194,0.61344,0.60486,0.59623,0.58752,0.57876,0.56994,0.56105,0.55211,0.54311,0.53406,0.52495,0.51579,0.50658,0.49733,0.48802,0.47867,0.46927,0.45983,0.45035,0.44083,0.43127,0.42168,0.41205,0.40238,0.39269,0.38296,0.3732,0.36342,0.35361,0.34378,0.33392,0.32404,0.31415,0.30423,0.2943,0.28436,0.2744,0.26443,0.25445,0.24447,0.23447,0.22448,0.21447,0.20447,0.19447,0.18447,0.17447,0.16448,0.15449,0.14451,0.13454,0.12458,0.11464,0.10471,0.094794,0.084897,0.07502,0.065164,0.05533,0.04552,0.035736,0.025979,0.016251,0.0065533,-0.0031126,-0.012745,-0.022342,-0.031903,-0.041426,-0.05091,-0.060352,-0.069751,-0.079107,-0.088417,-0.097679,-0.10689,-0.11606,-0.12517,-0.13423,-0.14324,-0.15218,-0.16108,-0.16991,-0.17868,-0.1874,-0.19605,-0.20463,-0.21315,-0.2216,-0.22999,-0.2383,-0.24655,-0.25472,-0.26282,-0.27084,-0.27879,-0.28666,-0.29445,-0.30217,-0.3098,-0.31735,-0.32481,-0.3322,-0.33949,-0.3467,-0.35383,-0.36086,-0.3678,-0.37466,-0.38142,-0.38809,-0.39466,-0.40114,-0.40752,-0.41381,-0.42,-0.42608,-0.43207,-0.43796,-0.44375,-0.44943,-0.45502,-0.46049,-0.46587,-0.47113,-0.47629,-0.48135,-0.48629,-0.49113,-0.49585,-0.50047,-0.50498,-0.50937,-0.51366,-0.51783,-0.52188,-0.52583,-0.52966,-0.53337,-0.53697,-0.54046,-0.54383,-0.54708,-0.55021,-0.55323,-0.55613,-0.55891,-0.56157,-0.56412,-0.56654,-0.56885,-0.57103,-0.5731,-0.57505,-0.57687,-0.57858,-0.58016,-0.58163,-0.58297,-0.5842,-0.5853,-0.58628,-0.58714,-0.58788,-0.5885,-0.589,-0.58938,-0.58963,-0.58977,-0.58979,-0.58968,-0.58946,-0.58911,-0.58865,-0.58806,-0.58736,-0.58654,-0.5856,-0.58454,-0.58336,-0.58207,-0.58066,-0.57913,-0.57749,-0.57572,-0.57385,-0.57186,-0.56975,-0.56753,-0.5652,-0.56275,-0.56019,-0.55752,-0.55474,-0.55185,-0.54885,-0.54574,-0.54252,-0.53919,-0.53576,-0.53222,-0.52857,-0.52482,-0.52097,-0.51701,-0.51295,-0.50879,-0.50453,-0.50017,-0.49571,-0.49116,-0.4865,-0.48175,-0.47691,-0.47197,-0.46694,-0.46182,-0.45661,-0.4513,-0.44591,-0.44044,-0.43487,-0.42922,-0.42349,-0.41767,-0.41177,-0.40579,-0.39973,-0.3936,-0.38738,-0.38109,-0.37473,-0.36829,-0.36179,-0.35521,-0.34856,-0.34184,-0.33506,-0.32821,-0.3213,-0.31432,-0.30729,-0.30019,-0.29303,-0.28582,-0.27856,-0.27123,-0.26386,-0.25643,-0.24896,-0.24143,-0.23386,-0.22625,-0.21859,-0.21088,-0.20314,-0.19535,-0.18753,-0.17967,-0.17178,-0.16385,-0.15589,-0.1479,-0.13989,-0.13184,-0.12377,-0.11567,-0.10756,-0.099418,-0.091259,-0.083083,-0.07489,-0.066683,-0.058462,-0.05023,-0.041987,-0.033737,-0.025479,-0.017217,-0.0089503,-0.00068196,0.0075869,0.015855,0.024119,0.03238,0.040635,0.048882,0.05712,0.065348,0.073563,0.081764,0.08995,0.098119,0.10627,0.1144,0.12251,0.13059,0.13865,0.14669,0.15469,0.16267,0.17062,0.17853,0.18641,0.19425,0.20206,0.20982,0.21755,0.22524,0.23288,0.24048,0.24803,0.25553,0.26299,0.27039,0.27775,0.28505,0.29229,0.29948,0.30661,0.31368,0.3207,0.32765,0.33453,0.34136,0.34811,0.3548,0.36143,0.36798,0.37446,0.38087,0.3872,0.39347,0.39965,0.40576,0.41179,0.41774,0.42361,0.42939,0.4351,0.44072,0.44625,0.4517,0.45706,0.46233,0.46751,0.4726,0.4776,0.48251,0.48732,0.49204,0.49666,0.50118,0.50561,0.50994,0.51417,0.5183,0.52232,0.52625,0.53007,0.53379,0.5374,0.54091,0.54432,0.54761,0.5508,0.55388,0.55685,0.55972,0.56247,0.56511,0.56764,0.57006,0.57236,0.57455,0.57663,0.57859,0.58044,0.58218,0.5838,0.5853,0.58668,0.58795,0.58911,0.59014,0.59106,0.59186,0.59254,0.5931,0.59354,0.59386,0.59407,0.59415,0.59412,0.59396,0.59369,0.59329,0.59277,0.59214,0.59138,0.59051,0.58951,0.58839,0.58716,0.5858,0.58432,0.58272,0.58101,0.57917,0.57721,0.57514,0.57294,0.57063,0.5682,0.56565,0.56298,0.5602,0.55729,0.55427,0.55113,0.54788,0.54451,0.54103,0.53743,0.53371,0.52989,0.52594,0.52189,0.51772,0.51344,0.50905,0.50455,0.49994,0.49522,0.49039,0.48546,0.48042,0.47526,0.47001,0.46465,0.45918,0.45361,0.44794,0.44217,0.4363,0.43032,0.42425,0.41808,0.41181,0.40544,0.39898,0.39243,0.38578,0.37903,0.3722,0.36528,0.35827,0.35116,0.34398,0.3367,0.32934,0.3219,0.31437,0.30676,0.29907,0.2913,0.28346,0.27553,0.26754,0.25946,0.25132,0.2431,0.23481,0.22645,0.21802,0.20953,0.20097,0.19235,0.18366,0.17491,0.1661,0.15724,0.14831,0.13933,0.1303,0.12121,0.11207,0.10288,0.093645,0.08436,0.075028,0.065652,0.056233,0.046773,0.037272,0.027733,0.018157,0.008545,-0.0011007,-0.010779,-0.020488,-0.030227,-0.039993,-0.049786,-0.059604,-0.069445,-0.079308,-0.089191,-0.099092,-0.10901,-0.11894,-0.12889,-0.13885,-0.14882,-0.1588,-0.16879,-0.17879,-0.18878,-0.19879,-0.20879,-0.21879,-0.22879,-0.23879,-0.24878,-0.25876,-0.26874,-0.27871,-0.28866,-0.29861,-0.30853,-0.31845,-0.32834,-0.33822,-0.34807,-0.3579,-0.36771,-0.37749,-0.38725,-0.39698,-0.40667,-0.41634,-0.42597,-0.43557,-0.44513,-0.45465,-0.46414,-0.47358,-0.48298,-0.49234,-0.50165,-0.51091,-0.52013,-0.5293,-0.53841,-0.54748,-0.55649,-0.56544,-0.57434,-0.58318,-0.59196,-0.60068,-0.60933,-0.61793,-0.62646,-0.63492,-0.64331,-0.65163,-0.65989,-0.66807,-0.67618,-0.68421,-0.69217,-0.70005,-0.70786,-0.71558,-0.72323,-0.73079,-0.73827,-0.74566,-0.75297,-0.7602,-0.76733,-0.77438,-0.78134,-0.7882,-0.79498,-0.80166,-0.80825,-0.81474,-0.82113,-0.82743,-0.83363,-0.83974,-0.84574,-0.85164,-0.85744,-0.86313,-0.86872,-0.87421,-0.87959,-0.88487,-0.89003,-0.89509,-0.90005,-0.90489,-0.90962,-0.91424,-0.91875,-0.92315,-0.92743,-0.9316,-0.93565,-0.93959,-0.94342,-0.94712,-0.95072,-0.95419,-0.95755,-0.96078,-0.9639,-0.9669,-0.96978,-0.97254,-0.97518,-0.97769,-0.98009,-0.98236,-0.98451,-0.98654,-0.98845,-0.99023,-0.99189,-0.99342,-0.99483,-0.99612,-0.99728,-0.99832,-0.99924,-1,-1.0007,-1.0012,-1.0016,-1.0019,-1.0021,-1.0021,-1.002,-1.0018,-1.0015,-1.001,-1.0005,-0.99974,-0.99891,-0.99795,-0.99686,-0.99565,-0.99432,-0.99286,-0.99128,-0.98958,-0.98776,-0.98581,-0.98374,-0.98154,-0.97923,-0.97679,-0.97424,-0.97156,-0.96876,-0.96584,-0.96281,-0.95965,-0.95638,-0.95299,-0.94948,-0.94586,-0.94212,-0.93827,-0.9343,-0.93021,-0.92602,-0.92171,-0.91729,-0.91275,-0.90811,-0.90336,-0.89849,-0.89352,-0.88844,-0.88326,-0.87797,-0.87257,-0.86707,-0.86147,-0.85576,-0.84995,-0.84404,-0.83804,-0.83193,-0.82572,-0.81942,-0.81302,-0.80653,-0.79994,-0.79326,-0.78649,-0.77963,-0.77268,-0.76564,-0.75851,-0.75129,-0.74399,-0.73661,-0.72914,-0.72159,-0.71396,-0.70625,-0.69847,-0.6906,-0.68266,-0.67465,-0.66656,-0.6584,-0.65017,-0.64187,-0.6335,-0.62506,-0.61656,-0.60799,-0.59936,-0.59067,-0.58192,-0.57311,-0.56424,-0.55532,-0.54634,-0.5373,-0.52822,-0.51908,-0.50989,-0.50066,-0.49138,-0.48205,-0.47268,-0.46327,-0.45382,-0.44432,-0.43479,-0.42523,-0.41562,-0.40599,-0.39632,-0.38662,-0.37689,-0.36714,-0.35735,-0.34755,-0.33772,-0.32786,-0.31799,-0.3081,-0.29819,-0.28826,-0.27832,-0.26837,-0.25841,-0.24843,-0.23845,-0.22846,-0.21847,-0.20847,-0.19847,-0.18847,-0.17846,-0.16847,-0.15847,-0.14848,-0.1385,-0.12852,-0.11855,-0.1086,-0.098653,-0.088724,-0.07881,-0.068913,-0.059035,-0.049176,-0.039338,-0.029524,-0.019733,-0.0099678,-0.00022978,0.0094798,0.019159,0.028808,0.038423,0.048005,0.057551,0.06706,0.07653,0.085961,0.095351,0.1047,0.114,0.12326,0.13247,0.14164,0.15075,0.15982,0.16883,0.17779,0.18669,0.19554,0.20433,0.21307,0.22174,0.23036,0.23891,0.2474,0.25582,0.26418,0.27247,0.2807,0.28885,0.29694,0.30495,0.3129,0.32076,0.32856,0.33627,0.34391,0.35148,0.35896,0.36636,0.37369,0.38093,0.38808,0.39516,0.40214,0.40905,0.41586,0.42259,0.42923,0.43578,0.44223,0.4486,0.45487,0.46106,0.46714,0.47314,0.47903,0.48483,0.49054,0.49614,0.50165,0.50706,0.51237,0.51757,0.52268,0.52768,0.53258,0.53738,0.54207,0.54666,0.55115,0.55553,0.5598,0.56397,0.56802,0.57198,0.57582,0.57955,0.58318,0.58669,0.5901,0.5934,0.59658,0.59966,0.60262,0.60547,0.60821,0.61084,0.61336,0.61576,0.61805,0.62023,0.62229,0.62424,0.62608,0.6278,0.62941,0.63091,0.63229,0.63355,0.63471,0.63575,0.63667,0.63748,0.63818,0.63876,0.63923,0.63958,0.63983,0.63995,0.63997,0.63987,0.63965,0.63932,0.63889,0.63833,0.63767,0.63689,0.636,0.635,0.63389,0.63267,0.63133,0.62989,0.62833,0.62667,0.62489,0.62301,0.62102,0.61892,0.61672,0.6144,0.61199,0.60946,0.60683,0.60409,0.60125,0.59831,0.59526,0.59211,0.58886,0.58551,0.58206,0.5785,0.57485,0.5711,0.56725,0.5633,0.55926,0.55512,0.55089,0.54656,0.54214,0.53763,0.53303,0.52833,0.52355,0.51867,0.51371,0.50866,0.50353,0.49831,0.493,0.48761,0.48214,0.47659,0.47095,0.46524,0.45945,0.45358,0.44763,0.44161,0.43551,0.42935,0.4231,0.41679,0.41041,0.40395,0.39743,0.39085,0.38419,0.37748,0.37069,0.36385,0.35695,0.34998,0.34296,0.33588,0.32874,0.32155,0.31431,0.30701,0.29966,0.29226,0.28481,0.27731,0.26977,0.26218,0.25455,0.24687,0.23916,0.2314,0.22361,0.21578,0.20791,0.20001,0.19207,0.1841,0.1761,0.16807,0.16002,0.15193,0.14383,0.13569,0.12754,0.11936,0.11116,0.10295,0.094713,0.086464,0.0782,0.069923,0.061635,0.053335,0.045027,0.036711,0.028388,0.02006,0.011729,0.0033957,-0.0049386,-0.013273,-0.021605,-0.029933,-0.038258,-0.046576,-0.054887,-0.063189,-0.071481,-0.079762,-0.08803,-0.096284,-0.10452,-0.11274,-0.12095,-0.12913,-0.13729,-0.14543,-0.15355,-0.16164,-0.16971,-0.17775,-0.18576,-0.19374,-0.20169,-0.2096,-0.21748,-0.22533,-0.23314,-0.24091,-0.24864,-0.25633,-0.26398,-0.27159,-0.27915,-0.28667,-0.29413,-0.30156,-0.30893,-0.31625,-0.32352,-0.33074,-0.3379,-0.34501,-0.35207,-0.35906,-0.366,-0.37287,-0.37969,-0.38644,-0.39313,-0.39976,-0.40632,-0.41281,-0.41924,-0.42559,-0.43188,-0.4381,-0.44424,-0.45032,-0.45631,-0.46224,-0.46808,-0.47385,-0.47955,-0.48516,-0.4907,-0.49615,-0.50152,-0.50681,-0.51202,-0.51714,-0.52218,-0.52713,-0.53199,-0.53677,-0.54145,-0.54605,-0.55056,-0.55498,-0.5593,-0.56354,-0.56768,-0.57172,-0.57567,-0.57953,-0.58329,-0.58695,-0.59052,-0.59399,-0.59736,-0.60063,-0.6038,-0.60687,-0.60984,-0.61271,-0.61547,-0.61813,-0.62069,-0.62315,-0.6255,-0.62775,-0.62989,-0.63193,-0.63386,-0.63569,-0.63741,-0.63902,-0.64052,-0.64192,-0.64321,-0.64439,-0.64546,-0.64642,-0.64728,-0.64802,-0.64866,-0.64918,-0.6496,-0.6499,-0.65009,-0.65018,-0.65015,-0.65001,-0.64977,-0.64941,-0.64894,-0.64836,-0.64766,-0.64686,-0.64595,-0.64492,-0.64379,-0.64254,-0.64118,-0.63971,-0.63813,-0.63644,-0.63464,-0.63273,-0.63071,-0.62858,-0.62634,-0.62399,-0.62153,-0.61896,-0.61628,-0.61349,-0.6106,-0.6076,-0.60448,-0.60127,-0.59794,-0.59451,-0.59097,-0.58733,-0.58358,-0.57973,-0.57577,-0.57171,-0.56754,-0.56328,-0.5589,-0.55443,-0.54986,-0.54518,-0.54041,-0.53553,-0.53056,-0.52548,-0.52031,-0.51504,-0.50968,-0.50422,-0.49866,-0.49301,-0.48726,-0.48143,-0.4755,-0.46947,-0.46336,-0.45716,-0.45087,-0.44449,-0.43802,-0.43146,-0.42482,-0.4181,-0.41128,-0.40439,-0.39741,-0.39036,-0.38322,-0.376,-0.3687,-0.36133,-0.35388,-0.34635,-0.33875,-0.33107,-0.32332,-0.3155,-0.30761,-0.29965,-0.29162,-0.28352,-0.27536,-0.26713,-0.25883,-0.25047,-0.24205,-0.23357,-0.22503,-0.21643,-0.20778,-0.19907,-0.1903,-0.18147,-0.1726,-0.16367,-0.1547,-0.14567,-0.13659,-0.12747,-0.11831,-0.10909,-0.09984,-0.090543,-0.081206,-0.07183,-0.062416,-0.052965,-0.043479,-0.033958,-0.024404,-0.014819,-0.0052039,0.0044404,0.014112,0.023811,0.033534,0.043281,0.05305,0.062841,0.072651,0.082479,0.092324,0.10218,0.11206,0.12195,0.13185,0.14176,0.15168,0.1616,0.17153,0.18147,0.19141,0.20135,0.21129,0.22124,0.23118,0.24111,0.25104,0.26097,0.27089,0.28079,0.29069,0.30058,0.31045,0.32031,0.33015,0.33998,0.34978,0.35957,0.36934,0.37908,0.3888,0.39849,0.40816,0.41779,0.4274,0.43698,0.44653,0.45604,0.46551,0.47496,0.48436,0.49372,0.50305,0.51233,0.52157,0.53077,0.53992,0.54903,0.55808,0.56709,0.57605,0.58495,0.59381,0.6026,0.61135,0.62003,0.62866,0.63723,0.64574,0.65419,0.66258,0.6709,0.67915,0.68734,0.69547,0.70352,0.7115,0.71942,0.72726,0.73503,0.74272,0.75034,0.75788,0.76535,0.77274,0.78004,0.78727,0.79442,0.80148,0.80846,0.81535,0.82216,0.82888,0.83552,0.84206,0.84852,0.85489,0.86116,0.86735,0.87344,0.87943,0.88533,0.89114,0.89685,0.90246,0.90797,0.91339,0.9187,0.92392,0.92903,0.93404,0.93895,0.94375,0.94846,0.95305,0.95754,0.96193,0.9662,0.97038,0.97444,0.97839,0.98224,0.98597,0.9896,0.99311,0.99651,0.9998,1.003,1.006,1.009,1.0118,1.0146,1.0172,1.0197,1.022,1.0243,1.0265,1.0285,1.0304,1.0322,1.0339,1.0354,1.0369,1.0382,1.0394,1.0405,1.0415,1.0423,1.0431,1.0437,1.0442,1.0446,1.0448,1.045,1.045,1.0449,1.0447,1.0443,1.0439,1.0433,1.0426,1.0418,1.0409,1.0398,1.0386,1.0373,1.0359,1.0344,1.0328,1.031,1.0291,1.0271,1.025,1.0228,1.0204,1.0179,1.0154,1.0127,1.0099,1.0069,1.0039,1.0007,0.99746,0.99408,0.99058,0.98698,0.98326,0.97943,0.97549,0.97144,0.96728,0.96301,0.95863,0.95415,0.94955,0.94485,0.94005,0.93514,0.93013,0.92501,0.91979,0.91447,0.90904,0.90352,0.89789,0.89217,0.88635,0.88043,0.87441,0.8683,0.86209,0.85579,0.84939,0.84291,0.83633,0.82966,0.8229,0.81606,0.80912,0.8021,0.795,0.78781,0.78054,0.77318,0.76574,0.75823,0.75063,0.74296,0.7352,0.72738,0.71948,0.7115,0.70345,0.69533,0.68715,0.67889,0.67056,0.66217,0.65371,0.64519,0.63661,0.62796,0.61926,0.61049,0.60167,0.59279,0.58386,0.57487,0.56583,0.55674,0.5476,0.53841,0.52917,0.51989,0.51056,0.50119,0.49177,0.48232,0.47283,0.4633,0.45374,0.44413,0.4345,0.42484,0.41514,0.40541,0.39566,0.38588,0.37608,0.36625,0.3564,0.34653,0.33664,0.32673,0.31681,0.30687,0.29692,0.28696,0.27699,0.26701,0.25702,0.24703,0.23703,0.22703,0.21702,0.20702,0.19702,0.18702,0.17703,0.16704,0.15706,0.14709,0.13713,0.12719,0.11725,0.10733,0.097432,0.087547,0.077682,0.067838,0.058017,0.048219,0.038447,0.028701,0.018984,0.0092961,-0.00036034,-0.0099842,-0.019574,-0.029128,-0.038645,-0.048124,-0.057564,-0.066961,-0.076317,-0.085628,-0.094894,-0.10411,-0.11328,-0.1224,-0.13147,-0.14049,-0.14946,-0.15837,-0.16722,-0.17601,-0.18475,-0.19342,-0.20204,-0.21059,-0.21907,-0.22749,-0.23585,-0.24413,-0.25235,-0.26049,-0.26857,-0.27657,-0.28449,-0.29234,-0.30012,-0.30781,-0.31543,-0.32296,-0.33042,-0.33779,-0.34508,-0.35228,-0.3594,-0.36643,-0.37337,-0.38022,-0.38699,-0.39366,-0.40024,-0.40672,-0.41312,-0.41941,-0.42561,-0.43171,-0.43772,-0.44362,-0.44943,-0.45514,-0.46074,-0.46624,-0.47163,-0.47693,-0.48211,-0.4872,-0.49217,-0.49704,-0.5018,-0.50645,-0.51099,-0.51542,-0.51973,-0.52394,-0.52803,-0.53201,-0.53588,-0.53963,-0.54327,-0.54679,-0.5502,-0.55349,-0.55666,-0.55972,-0.56265,-0.56547,-0.56817,-0.57075,-0.57321,-0.57555,-0.57777,-0.57987,-0.58184,-0.5837,-0.58543,-0.58704,-0.58853,-0.58989,-0.59113,-0.59225,-0.59325,-0.59412,-0.59487,-0.59549,-0.59599,-0.59637,-0.59662,-0.59675,-0.59675,-0.59663,-0.59639,-0.59602,-0.59552,-0.59491,-0.59417,-0.5933,-0.59231,-0.5912,-0.58996,-0.5886,-0.58712,-0.58551,-0.58378,-0.58193,-0.57996,-0.57786,-0.57565,-0.57331,-0.57085,-0.56827,-0.56557,-0.56275,-0.55981,-0.55675,-0.55358,-0.55028,-0.54687,-0.54334,-0.53969,-0.53593,-0.53206,-0.52807,-0.52396,-0.51974,-0.51541,-0.51096,-0.50641,-0.50174,-0.49697,-0.49208,-0.48709,-0.48198,-0.47677,-0.47146,-0.46604,-0.46051,-0.45488,-0.44915,-0.44331,-0.43738,-0.43134,-0.42521,-0.41897,-0.41264,-0.40622,-0.39969,-0.39308,-0.38637,-0.37956,-0.37267,-0.36568,-0.35861,-0.35145,-0.3442,-0.33687,-0.32945,-0.32195,-0.31436,-0.3067,-0.29895,-0.29113,-0.28322,-0.27525,-0.26719,-0.25907,-0.25087,-0.2426,-0.23426,-0.22585,-0.21737,-0.20883,-0.20022,-0.19155,-0.18282,-0.17403,-0.16517,-0.15627,-0.1473,-0.13828,-0.1292,-0.12008,-0.1109,-0.10167,-0.092399,-0.083078,-0.073713,-0.064304,-0.054853,-0.045362,-0.035832,-0.026264,-0.016661,-0.0070228,0.0026478,0.01235,0.022082,0.031842,0.041628,0.05144,0.061275,0.071133,0.081011,0.090908,0.10082,0.11075,0.1207,0.13065,0.14062,0.1506,0.16058,0.17057,0.18057,0.19057,0.20057,0.21057,0.22057,0.23057,0.24056,0.25054,0.26052,0.27048,0.28044,0.29038,0.30031,0.31022,0.32012,0.32999,0.33985,0.34968,0.35949,0.36927,0.37903,0.38875,0.39845,0.40812,0.41775,0.42735,0.43691,0.44643,0.45592,0.46536,0.47476,0.48412,0.49343,0.50269,0.51191,0.52107,0.53019,0.53925,0.54826,0.55721,0.56611,0.57494,0.58372,0.59243,0.60108,0.60967,0.61819,0.62665,0.63504,0.64335,0.6516,0.65977,0.66787,0.6759,0.68385,0.69172,0.69951,0.70722,0.71485,0.7224,0.72986,0.73724,0.74453,0.75174,0.75886,0.76588,0.77282,0.77966,0.78641,0.79307,0.79963,0.8061,0.81247,0.81874,0.82491,0.83097,0.83694,0.84281,0.84857,0.85423,0.85978,0.86523,0.87057,0.8758,0.88092,0.88594,0.89084,0.89563,0.90031,0.90488,0.90933,0.91367,0.9179,0.922,0.926,0.92987,0.93363,0.93727,0.94079,0.94419,0.94748,0.95064,0.95368,0.9566,0.95939,0.96207,0.96462,0.96705,0.96935,0.97153,0.97359,0.97552,0.97733,0.97901,0.98057,0.982,0.9833,0.98448,0.98553,0.98645,0.98725,0.98792,0.98846,0.98887,0.98916,0.98932,0.98936,0.98926,0.98904,0.98869,0.98822,0.98761,0.98688,0.98603,0.98504,0.98393,0.98269,0.98133,0.97984,0.97822,0.97648,0.97461,0.97262,0.9705,0.96826,0.96589,0.9634,0.96079,0.95806,0.9552,0.95222,0.94912,0.94589,0.94255,0.93909,0.93551,0.9318,0.92798,0.92405,0.91999,0.91582,0.91154,0.90714,0.90262,0.89799,0.89325,0.8884,0.88344,0.87836,0.87318,0.86788,0.86248,0.85698,0.85136,0.84564,0.83982,0.8339,0.82787,0.82174,0.81551,0.80918,0.80275,0.79622,0.7896,0.78289,0.77608,0.76917,0.76218,0.75509,0.74792,0.74065,0.7333,0.72587,0.71835,0.71074,0.70306,0.69529,0.68744,0.67951,0.67151,0.66343,0.65528,0.64705,0.63875,0.63038,0.62194,0.61344,0.60486,0.59623,0.58752,0.57876,0.56994,0.56105,0.55211,0.54311,0.53406,0.52495,0.51579,0.50658,0.49733,0.48802,0.47867,0.46927,0.45983,0.45035,0.44083,0.43127,0.42168,0.41205,0.40238,0.39269,0.38296,0.3732,0.36342,0.35361,0.34378,0.33392,0.32404,0.31415,0.30423,0.2943,0.28436,0.2744,0.26443,0.25445,0.24447,0.23447,0.22448,0.21447,0.20447,0.19447,0.18447,0.17447,0.16448,0.15449,0.14451,0.13454,0.12458,0.11464,0.10471,0.094794,0.084897,0.07502,0.065164,0.05533,0.04552,0.035736,0.025979,0.016251,0.0065533,-0.0031126,-0.012745,-0.022342,-0.031903,-0.041426,-0.05091,-0.060352,-0.069751,-0.079107,-0.088417,-0.097679,-0.10689,-0.11606,-0.12517,-0.13423,-0.14324,-0.15218,-0.16108,-0.16991,-0.17868,-0.1874,-0.19605,-0.20463,-0.21315,-0.2216,-0.22999,-0.2383,-0.24655,-0.25472,-0.26282,-0.27084,-0.27879,-0.28666,-0.29445,-0.30217,-0.3098,-0.31735,-0.32481,-0.3322,-0.33949,-0.3467,-0.35383,-0.36086,-0.3678,-0.37466,-0.38142,-0.38809,-0.39466,-0.40114,-0.40752,-0.41381,-0.42,-0.42608,-0.43207,-0.43796,-0.44375,-0.44943,-0.45502,-0.46049,-0.46587,-0.47113,-0.47629,-0.48135,-0.48629,-0.49113,-0.49585,-0.50047,-0.50498,-0.50937,-0.51366,-0.51783,-0.52188,-0.52583,-0.52966,-0.53337,-0.53697,-0.54046,-0.54383,-0.54708,-0.55021,-0.55323,-0.55613,-0.55891,-0.56157,-0.56412,-0.56654,-0.56885,-0.57103,-0.5731,-0.57505,-0.57687,-0.57858,-0.58016,-0.58163,-0.58297,-0.5842,-0.5853,-0.58628,-0.58714,-0.58788,-0.5885,-0.589,-0.58938,-0.58963,-0.58977,-0.58979,-0.58968,-0.58946,-0.58911,-0.58865,-0.58806,-0.58736,-0.58654,-0.5856,-0.58454,-0.58336,-0.58207,-0.58066,-0.57913,-0.57749,-0.57572,-0.57385,-0.57186,-0.56975,-0.56753,-0.5652,-0.56275,-0.56019,-0.55752,-0.55474,-0.55185,-0.54885,-0.54574,-0.54252,-0.53919,-0.53576,-0.53222,-0.52857,-0.52482,-0.52097,-0.51701,-0.51295,-0.50879,-0.50453,-0.50017,-0.49571,-0.49116,-0.4865,-0.48175,-0.47691,-0.47197,-0.46694,-0.46182,-0.45661,-0.4513,-0.44591,-0.44044,-0.43487,-0.42922,-0.42349,-0.41767,-0.41177,-0.40579,-0.39973,-0.3936,-0.38738,-0.38109,-0.37473,-0.36829,-0.36179,-0.35521,-0.34856,-0.34184,-0.33506,-0.32821,-0.3213,-0.31432,-0.30729,-0.30019,-0.29303,-0.28582,-0.27856,-0.27123,-0.26386,-0.25643,-0.24896,-0.24143,-0.23386,-0.22625,-0.21859,-0.21088,-0.20314,-0.19535,-0.18753,-0.17967,-0.17178,-0.16385,-0.15589,-0.1479,-0.13989,-0.13184,-0.12377,-0.11567,-0.10756,-0.099418,-0.091259,-0.083083,-0.07489,-0.066683,-0.058462,-0.05023,-0.041987,-0.033737,-0.025479,-0.017217,-0.0089503,-0.00068196,0.0075869,0.015855,0.024119,0.03238,0.040635,0.048882,0.05712,0.065348,0.073563,0.081764,0.08995,0.098119,0.10627,0.1144,0.12251,0.13059,0.13865,0.14669,0.15469,0.16267,0.17062,0.17853,0.18641,0.19425,0.20206,0.20982,0.21755,0.22524,0.23288,0.24048,0.24803,0.25553,0.26299,0.27039,0.27775,0.28505,0.29229,0.29948,0.30661,0.31368,0.3207,0.32765,0.33453,0.34136,0.34811,0.3548,0.36143,0.36798,0.37446,0.38087,0.3872,0.39347,0.39965,0.40576,0.41179,0.41774,0.42361,0.42939,0.4351,0.44072,0.44625,0.4517,0.45706,0.46233,0.46751,0.4726,0.4776,0.48251,0.48732,0.49204,0.49666,0.50118,0.50561,0.50994,0.51417,0.5183,0.52232,0.52625,0.53007,0.53379,0.5374,0.54091,0.54432,0.54761,0.5508,0.55388,0.55685,0.55972,0.56247,0.56511,0.56764,0.57006,0.57236,0.57455,0.57663,0.57859,0.58044,0.58218,0.5838,0.5853,0.58668,0.58795,0.58911,0.59014,0.59106,0.59186,0.59254,0.5931,0.59354,0.59386,0.59407,0.59415,0.59412,0.59396,0.59369,0.59329,0.59277,0.59214,0.59138,0.59051,0.58951,0.58839,0.58716,0.5858,0.58432,0.58272,0.58101,0.57917,0.57721,0.57514,0.57294,0.57063,0.5682,0.56565,0.56298,0.5602,0.55729,0.55427,0.55113,0.54788,0.54451,0.54103,0.53743,0.53371,0.52989,0.52594,0.52189,0.51772,0.51344,0.50905,0.50455,0.49994,0.49522,0.49039,0.48546,0.48042,0.47526,0.47001,0.46465,0.45918,0.45361,0.44794,0.44217,0.4363,0.43032,0.42425,0.41808,0.41181,0.40544,0.39898,0.39243,0.38578,0.37903,0.3722,0.36528,0.35827,0.35116,0.34398,0.3367,0.32934,0.3219,0.31437,0.30676,0.29907,0.2913,0.28346,0.27553,0.26754,0.25946,0.25132,0.2431,0.23481,0.22645,0.21802,0.20953,0.20097,0.19235,0.18366,0.17491,0.1661,0.15724,0.14831,0.13933,0.1303,0.12121,0.11207,0.10288,0.093645,0.08436,0.075028,0.065652,0.056233,0.046773,0.037272,0.027733,0.018157,0.008545,-0.0011007,-0.010779,-0.020488,-0.030227,-0.039993,-0.049786,-0.059604,-0.069445,-0.079308,-0.089191,-0.099092,-0.10901,-0.11894,-0.12889,-0.13885,-0.14882,-0.1588,-0.16879,-0.17879,-0.18878,-0.19879,-0.20879,-0.21879,-0.22879,-0.23879,-0.24878,-0.25876,-0.26874,-0.27871,-0.28866,-0.29861,-0.30853,-0.31845,-0.32834,-0.33822,-0.34807,-0.3579,-0.36771,-0.37749,-0.38725,-0.39698,-0.40667,-0.41634,-0.42597,-0.43557,-0.44513,-0.45465,-0.46414,-0.47358,-0.48298,-0.49234,-0.50165,-0.51091,-0.52013,-0.5293,-0.53841,-0.54748,-0.55649,-0.56544,-0.57434,-0.58318,-0.59196,-0.60068,-0.60933,-0.61793,-0.62646,-0.63492,-0.64331,-0.65163,-0.65989,-0.66807,-0.67618,-0.68421,-0.69217,-0.70005,-0.70786,-0.71558,-0.72323,-0.73079,-0.73827,-0.74566,-0.75297,-0.7602,-0.76733,-0.77438,-0.78134,-0.7882,-0.79498,-0.80166,-0.80825,-0.81474,-0.82113,-0.82743,-0.83363,-0.83974,-0.84574,-0.85164,-0.85744,-0.86313,-0.86872,-0.87421,-0.87959,-0.88487,-0.89003,-0.89509,-0.90005,-0.90489,-0.90962,-0.91424,-0.91875,-0.92315,-0.92743,-0.9316,-0.93565,-0.93959,-0.94342,-0.94712,-0.95072,-0.95419,-0.95755,-0.96078,-0.9639,-0.9669,-0.96978,-0.97254,-0.97518,-0.97769,-0.98009,-0.98236,-0.98451,-0.98654,-0.98845,-0.99023,-0.99189,-0.99342,-0.99483,-0.99612,-0.99728,-0.99832,-0.99924,-1,-1.0007,-1.0012,-1.0016,-1.0019,-1.0021,-1.0021,-1.002,-1.0018,-1.0015,-1.001,-1.0005,-0.99974,-0.99891,-0.99795,-0.99686,-0.99565,-0.99432,-0.99286,-0.99128,-0.98958,-0.98776,-0.98581,-0.98374,-0.98154,-0.97923,-0.97679,-0.97424,-0.97156,-0.96876,-0.96584,-0.96281,-0.95965,-0.95638,-0.95299,-0.94948,-0.94586,-0.94212,-0.93827,-0.9343,-0.93021,-0.92602,-0.92171,-0.91729,-0.91275,-0.90811,-0.90336,-0.89849,-0.89352,-0.88844,-0.88326,-0.87797,-0.87257,-0.86707,-0.86147,-0.85576,-0.84995,-0.84404,-0.83804,-0.83193,-0.82572,-0.81942,-0.81302,-0.80653,-0.79994,-0.79326,-0.78649,-0.77963,-0.77268,-0.76564,-0.75851,-0.75129,-0.74399,-0.73661,-0.72914,-0.72159,-0.71396,-0.70625,-0.69847,-0.6906,-0.68266,-0.67465,-0.66656,-0.6584,-0.65017,-0.64187,-0.6335,-0.62506,-0.61656,-0.60799,-0.59936,-0.59067,-0.58192,-0.57311,-0.56424,-0.55532,-0.54634,-0.5373,-0.52822,-0.51908,-0.50989,-0.50066,-0.49138,-0.48205,-0.47268,-0.46327,-0.45382,-0.44432,-0.43479,-0.42523,-0.41562,-0.40599,-0.39632,-0.38662,-0.37689,-0.36714,-0.35735,-0.34755,-0.33772,-0.32786,-0.31799,-0.3081,-0.29819,-0.28826,-0.27832,-0.26837,-0.25841,-0.24843,-0.23845,-0.22846,-0.21847,-0.20847,-0.19847,-0.18847,-0.17846,-0.16847,-0.15847,-0.14848,-0.1385,-0.12852,-0.11855,-0.1086,-0.098653,-0.088724,-0.07881,-0.068913,-0.059035,-0.049176,-0.039338,-0.029524,-0.019733,-0.0099678,-0.00022978,0.0094798,0.019159,0.028808,0.038423,0.048005,0.057551,0.06706,0.07653,0.085961,0.095351,0.1047,0.114,0.12326,0.13247,0.14164,0.15075,0.15982,0.16883,0.17779,0.18669,0.19554,0.20433,0.21307,0.22174,0.23036,0.23891,0.2474,0.25582,0.26418,0.27247,0.2807,0.28885,0.29694,0.30495,0.3129,0.32076,0.32856,0.33627,0.34391,0.35148,0.35896,0.36636,0.37369,0.38093,0.38808,0.39516,0.40214,0.40905,0.41586,0.42259,0.42923,0.43578,0.44223,0.4486,0.45487,0.46106,0.46714,0.47314,0.47903,0.48483,0.49054,0.49614,0.50165,0.50706,0.51237,0.51757,0.52268,0.52768,0.53258,0.53738,0.54207,0.54666,0.55115,0.55553,0.5598,0.56397,0.56802,0.57198,0.57582,0.57955,0.58318,0.58669,0.5901,0.5934,0.59658,0.59966,0.60262,0.60547,0.60821,0.61084,0.61336,0.61576,0.61805,0.62023,0.62229,0.62424,0.62608,0.6278,0.62941,0.63091,0.63229,0.63355,0.63471,0.63575,0.63667,0.63748,0.63818,0.63876,0.63923,0.63958,0.63983,0.63995,0.63997,0.63987,0.63965,0.63932,0.63889,0.63833,0.63767,0.63689,0.636,0.635,0.63389,0.63267,0.63133,0.62989,0.62833,0.62667,0.62489,0.62301,0.62102,0.61892,0.61672,0.6144,0.61199,0.60946,0.60683,0.60409,0.60125,0.59831,0.59526,0.59211,0.58886,0.58551,0.58206,0.5785,0.57485,0.5711,0.56725,0.5633,0.55926,0.55512,0.55089,0.54656,0.54214,0.53763,0.53303,0.52833,0.52355,0.51867,0.51371,0.50866,0.50353,0.49831,0.493,0.48761,0.48214,0.47659,0.47095,0.46524,0.45945,0.45358,0.44763,0.44161,0.43551,0.42935,0.4231,0.41679,0.41041,0.40395,0.39743,0.39085,0.38419,0.37748,0.37069,0.36385,0.35695,0.34998,0.34296,0.33588,0.32874,0.32155,0.31431,0.30701,0.29966,0.29226,0.28481,0.27731,0.26977,0.26218,0.25455,0.24687,0.23916,0.2314,0.22361,0.21578,0.20791,0.20001,0.19207,0.1841,0.1761,0.16807,0.16002,0.15193,0.14383,0.13569,0.12754,0.11936,0.11116,0.10295,0.094713,0.086464,0.0782,0.069923,0.061635,0.053335,0.045027,0.036711,0.028388,0.02006,0.011729,0.0033957,-0.0049386,-0.013273,-0.021605,-0.029933,-0.038258,-0.046576,-0.054887,-0.063189,-0.071481,-0.079762,-0.08803,-0.096284,-0.10452,-0.11274,-0.12095,-0.12913,-0.13729,-0.14543,-0.15355,-0.16164,-0.16971,-0.17775,-0.18576,-0.19374,-0.20169,-0.2096,-0.21748,-0.22533,-0.23314,-0.24091,-0.24864,-0.25633,-0.26398,-0.27159,-0.27915,-0.28667,-0.29413,-0.30156,-0.30893,-0.31625,-0.32352,-0.33074,-0.3379,-0.34501,-0.35207,-0.35906,-0.366,-0.37287,-0.37969,-0.38644,-0.39313,-0.39976,-0.40632,-0.41281,-0.41924,-0.42559,-0.43188,-0.4381,-0.44424,-0.45032,-0.45631,-0.46224,-0.46808,-0.47385,-0.47955,-0.48516,-0.4907,-0.49615,-0.50152,-0.50681,-0.51202,-0.51714,-0.52218,-0.52713,-0.53199,-0.53677,-0.54145,-0.54605,-0.55056,-0.55498,-0.5593,-0.56354,-0.56768,-0.57172,-0.57567,-0.57953,-0.58329,-0.58695,-0.59052,-0.59399,-0.59736,-0.60063,-0.6038,-0.60687,-0.60984,-0.61271,-0.61547,-0.61813,-0.62069,-0.62315,-0.6255,-0.62775,-0.62989,-0.63193,-0.63386,-0.63569,-0.63741,-0.63902,-0.64052,-0.64192,-0.64321,-0.64439,-0.64546,-0.64642,-0.64728,-0.64802,-0.64866,-0.64918,-0.6496,-0.6499,-0.65009,-0.65018,-0.65015,-0.65001,-0.64977,-0.64941,-0.64894,-0.64836,-0.64766,-0.64686,-0.64595,-0.64492,-0.64379,-0.64254,-0.64118,-0.63971,-0.63813,-0.63644,-0.63464,-0.63273,-0.63071,-0.62858,-0.62634,-0.62399,-0.62153,-0.61896,-0.61628,-0.61349,-0.6106,-0.6076,-0.60448,-0.60127,-0.59794,-0.59451,-0.59097,-0.58733,-0.58358,-0.57973,-0.57577,-0.57171,-0.56754,-0.56328,-0.5589,-0.55443,-0.54986,-0.54518,-0.54041,-0.53553,-0.53056,-0.52548,-0.52031,-0.51504,-0.50968,-0.50422,-0.49866,-0.49301,-0.48726,-0.48143,-0.4755,-0.46947,-0.46336,-0.45716,-0.45087,-0.44449,-0.43802,-0.43146,-0.42482,-0.4181,-0.41128,-0.40439,-0.39741,-0.39036,-0.38322,-0.376,-0.3687,-0.36133,-0.35388,-0.34635,-0.33875,-0.33107,-0.32332,-0.3155,-0.30761,-0.29965,-0.29162,-0.28352,-0.27536,-0.26713,-0.25883,-0.25047,-0.24205,-0.23357,-0.22503,-0.21643,-0.20778,-0.19907,-0.1903,-0.18147,-0.1726,-0.16367,-0.1547,-0.14567,-0.13659,-0.12747,-0.11831,-0.10909,-0.09984,-0.090543,-0.081206,-0.07183,-0.062416,-0.052965,-0.043479,-0.033958,-0.024404,-0.014819,-0.0052039,0.0044404,0.014112,0.023811,0.033534,0.043281,0.05305,0.062841,0.072651,0.082479,0.092324,0.10218,0.11206,0.12195,0.13185,0.14176,0.15168,0.1616,0.17153,0.18147,0.19141,0.20135,0.21129,0.22124,0.23118,0.24111,0.25104,0.26097,0.27089,0.28079,0.29069,0.30058,0.31045,0.32031,0.33015,0.33998,0.34978,0.35957,0.36934,0.37908,0.3888,0.39849,0.40816,0.41779,0.4274,0.43698,0.44653,0.45604,0.46551,0.47496,0.48436,0.49372,0.50305,0.51233,0.52157,0.53077,0.53992,0.54903,0.55808,0.56709,0.57605,0.58495,0.59381,0.6026,0.61135,0.62003,0.62866,0.63723,0.64574,0.65419,0.66258,0.6709,0.67915,0.68734,0.69547,0.70352,0.7115,0.71942,0.72726,0.73503,0.74272,0.75034,0.75788,0.76535,0.77274,0.78004,0.78727,0.79442,0.80148,0.80846,0.81535,0.82216,0.82888,0.83552,0.84206,0.84852,0.85489,0.86116,0.86735,0.87344,0.87943,0.88533,0.89114,0.89685,0.90246,0.90797,0.91339,0.9187,0.92392,0.92903,0.93404,0.93895,0.94375,0.94846,0.95305,0.95754,0.96193,0.9662,0.97038,0.97444,0.97839,0.98224,0.98597,0.9896,0.99311,0.99651,0.9998,1.003,1.006,1.009,1.0118,1.0146,1.0172,1.0197,1.022,1.0243,1.0265,1.0285,1.0304,1.0322,1.0339,1.0354,1.0369,1.0382,1.0394,1.0405,1.0415,1.0423,1.0431,1.0437,1.0442,1.0446,1.0448,1.045,1.045,1.0449,1.0447,1.0443,1.0439,1.0433,1.0426,1.0418,1.0409,1.0398,1.0386,1.0373,1.0359,1.0344,1.0328,1.031,1.0291,1.0271,1.025,1.0228,1.0204,1.0179,1.0154,1.0127,1.0099,1.0069,1.0039,1.0007,0.99746,0.99408,0.99058,0.98698,0.98326,0.97943,0.97549,0.97144,0.96728,0.96301,0.95863,0.95415,0.94955,0.94485,0.94005,0.93514,0.93013,0.92501,0.91979,0.91447,0.90904,0.90352,0.89789,0.89217,0.88635,0.88043,0.87441,0.8683,0.86209,0.85579,0.84939,0.84291,0.83633,0.82966,0.8229,0.81606,0.80912,0.8021,0.795,0.78781,0.78054,0.77318,0.76574,0.75823,0.75063,0.74296,0.7352,0.72738,0.71948,0.7115,0.70345,0.69533,0.68715,0.67889,0.67056,0.66217,0.65371,0.64519,0.63661,0.62796,0.61926,0.61049,0.60167,0.59279,0.58386,0.57487,0.56583,0.55674,0.5476,0.53841,0.52917,0.51989,0.51056,0.50119,0.49177,0.48232,0.47283,0.4633,0.45374,0.44413,0.4345,0.42484,0.41514,0.40541,0.39566,0.38588,0.37608,0.36625,0.3564,0.34653,0.33664,0.32673,0.31681,0.30687,0.29692,0.28696,0.27699,0.26701,0.25702,0.24703,0.23703,0.22703,0.21702,0.20702,0.19702,0.18702,0.17703,0.16704,0.15706,0.14709,0.13713,0.12719,0.11725,0.10733,0.097432,0.087547,0.077682,0.067838,0.058017,0.048219,0.038447,0.028701,0.018984,0.0092961,-0.00036034,-0.0099842,-0.019574,-0.029128,-0.038645,-0.048124,-0.057564,-0.066961,-0.076317,-0.085628,-0.094894,-0.10411,-0.11328,-0.1224,-0.13147,-0.14049,-0.14946,-0.15837,-0.16722,-0.17601,-0.18475,-0.19342,-0.20204,-0.21059,-0.21907,-0.22749,-0.23585,-0.24413,-0.25235,-0.26049,-0.26857,-0.27657,-0.28449,-0.29234,-0.30012,-0.30781,-0.31543,-0.32296,-0.33042,-0.33779,-0.34508,-0.35228,-0.3594,-0.36643,-0.37337,-0.38022,-0.38699,-0.39366,-0.40024,-0.40672,-0.41312,-0.41941,-0.42561,-0.43171,-0.43772,-0.44362,-0.44943,-0.45514,-0.46074,-0.46624,-0.47163,-0.47693,-0.48211,-0.4872,-0.49217,-0.49704,-0.5018,-0.50645,-0.51099,-0.51542,-0.51973,-0.52394,-0.52803,-0.53201,-0.53588,-0.53963,-0.54327,-0.54679,-0.5502,-0.55349,-0.55666,-0.55972,-0.56265,-0.56547,-0.56817,-0.57075,-0.57321,-0.57555,-0.57777,-0.57987,-0.58184,-0.5837,-0.58543,-0.58704,-0.58853,-0.58989,-0.59113,-0.59225,-0.59325,-0.59412,-0.59487,-0.59549,-0.59599,-0.59637,-0.59662,-0.59675,-0.59675,-0.59663,-0.59639,-0.59602,-0.59552,-0.59491,-0.59417,-0.5933,-0.59231,-0.5912,-0.58996,-0.5886,-0.58712,-0.58551,-0.58378,-0.58193,-0.57996,-0.57786,-0.57565,-0.57331,-0.57085,-0.56827,-0.56557,-0.56275,-0.55981,-0.55675,-0.55358,-0.55028,-0.54687,-0.54334,-0.53969,-0.53593,-0.53206,-0.52807,-0.52396,-0.51974,-0.51541,-0.51096,-0.50641,-0.50174,-0.49697,-0.49208,-0.48709,-0.48198,-0.47677,-0.47146,-0.46604,-0.46051,-0.45488,-0.44915,-0.44331,-0.43738,-0.43134,-0.42521,-0.41897,-0.41264,-0.40622,-0.39969,-0.39308,-0.38637,-0.37956,-0.37267,-0.36568,-0.35861,-0.35145,-0.3442,-0.33687,-0.32945,-0.32195,-0.31436,-0.3067,-0.29895,-0.29113,-0.28322,-0.27525,-0.26719,-0.25907,-0.25087,-0.2426,-0.23426,-0.22585,-0.21737,-0.20883,-0.20022,-0.19155,-0.18282,-0.17403,-0.16517,-0.15627,-0.1473,-0.13828,-0.1292,-0.12008,-0.1109,-0.10167,-0.092399,-0.083078,-0.073713,-0.064304,-0.054853,-0.045362,-0.035832,-0.026264,-0.016661,-0.0070228,0.0026478,0.01235,0.022082,0.031842,0.041628,0.05144,0.061275,0.071133,0.081011,0.090908,0.10082,0.11075,0.1207,0.13065,0.14062,0.1506,0.16058,0.17057,0.18057,0.19057,0.20057,0.21057,0.22057,0.23057,0.24056,0.25054,0.26052,0.27048,0.28044,0.29038,0.30031,0.31022,0.32012,0.32999,0.33985,0.34968,0.35949,0.36927,0.37903,0.38875,0.39845,0.40812,0.41775,0.42735,0.43691,0.44643,0.45592,0.46536,0.47476,0.48412,0.49343,0.50269,0.51191,0.52107,0.53019,0.53925,0.54826,0.55721,0.56611,0.57494,0.58372,0.59243,0.60108,0.60967,0.61819,0.62665,0.63504,0.64335,0.6516,0.65977,0.66787,0.6759,0.68385,0.69172,0.69951,0.70722,0.71485,0.7224,0.72986,0.73724,0.74453,0.75174,0.75886,0.76588,0.77282,0.77966,0.78641,0.79307,0.79963,0.8061,0.81247,0.81874,0.82491,0.83097,0.83694,0.84281,0.84857,0.85423,0.85978,0.86523,0.87057,0.8758,0.88092,0.88594,0.89084,0.89563,0.90031,0.90488,0.90933,0.91367,0.9179,0.922,0.926,0.92987,0.93363,0.93727,0.94079,0.94419,0.94748,0.95064,0.95368,0.9566,0.95939,0.96207,0.96462,0.96705,0.96935,0.97153,0.97359,0.97552,0.97733,0.97901,0.98057,0.982,0.9833,0.98448,0.98553,0.98645,0.98725,0.98792,0.98846,0.98887,0.98916,0.98932,0.98936,0.98926,0.98904,0.98869,0.98822,0.98761,0.98688,0.98603,0.98504,0.98393,0.98269,0.98133,0.97984,0.97822,0.97648,0.97461,0.97262,0.9705,0.96826,0.96589,0.9634,0.96079,0.95806,0.9552,0.95222,0.94912,0.94589,0.94255,0.93909,0.93551,0.9318,0.92798,0.92405,0.91999,0.91582,0.91154,0.90714,0.90262,0.89799,0.89325,0.8884,0.88344,0.87836,0.87318,0.86788,0.86248,0.85698,0.85136,0.84564,0.83982,0.8339,0.82787,0.82174,0.81551,0.80918,0.80275,0.79622,0.7896,0.78289,0.77608,0.76917,0.76218,0.75509,0.74792,0.74065,0.7333,0.72587,0.71835,0.71074,0.70306,0.69529,0.68744,0.67951,0.67151,0.66343,0.65528,0.64705,0.63875,0.63038,0.62194,0.61344,0.60486,0.59623,0.58752,0.57876,0.56994,0.56105,0.55211,0.54311,0.53406,0.52495,0.51579,0.50658,0.49733,0.48802,0.47867,0.46927,0.45983,0.45035,0.44083,0.43127,0.42168,0.41205,0.40238,0.39269,0.38296,0.3732,0.36342,0.35361,0.34378,0.33392,0.32404,0.31415,0.30423,0.2943,0.28436,0.2744,0.26443,0.25445,0.24447,0.23447,0.22448,0.21447,0.20447,0.19447,0.18447,0.17447,0.16448,0.15449,0.14451,0.13454,0.12458,0.11464,0.10471,0.094794,0.084897,0.07502,0.065164,0.05533,0.04552,0.035736,0.025979,0.016251,0.0065533,-0.0031126,-0.012745,-0.022342,-0.031903,-0.041426,-0.05091,-0.060352,-0.069751,-0.079107,-0.088417,-0.097679,-0.10689,-0.11606,-0.12517,-0.13423,-0.14324,-0.15218,-0.16108,-0.16991,-0.17868,-0.1874,-0.19605,-0.20463,-0.21315,-0.2216,-0.22999,-0.2383,-0.24655,-0.25472,-0.26282,-0.27084,-0.27879,-0.28666,-0.29445,-0.30217,-0.3098,-0.31735,-0.32481,-0.3322,-0.33949,-0.3467,-0.35383,-0.36086,-0.3678,-0.37466,-0.38142,-0.38809,-0.39466,-0.40114,-0.40752,-0.41381,-0.42,-0.42608,-0.43207,-0.43796,-0.44375,-0.44943,-0.45502,-0.46049,-0.46587,-0.47113,-0.47629,-0.48135,-0.48629,-0.49113,-0.49585,-0.50047,-0.50498,-0.50937,-0.51366,-0.51783,-0.52188,-0.52583,-0.52966,-0.53337,-0.53697,-0.54046,-0.54383,-0.54708,-0.55021,-0.55323,-0.55613,-0.55891,-0.56157,-0.56412,-0.56654,-0.56885,-0.57103,-0.5731,-0.57505,-0.57687,-0.57858,-0.58016,-0.58163,-0.58297,-0.5842,-0.5853,-0.58628,-0.58714,-0.58788,-0.5885,-0.589,-0.58938,-0.58963,-0.58977
-0.15974,-0.15048,-0.14119,-0.13189,-0.12257,-0.11323,-0.10387,-0.094498,-0.085113,-0.075718,-0.066313,-0.0569,-0.04748,-0.038056,-0.028629,-0.019201,-0.0097725,-0.00034657,0.0090756,0.018492,0.027902,0.037303,0.046693,0.056071,0.065435,0.074783,0.084114,0.093426,0.10272,0.11199,0.12123,0.13045,0.13964,0.1488,0.15793,0.16702,0.17609,0.18511,0.1941,0.20305,0.21195,0.22082,0.22963,0.23841,0.24713,0.2558,0.26442,0.27299,0.28151,0.28996,0.29836,0.3067,0.31497,0.32319,0.33134,0.33942,0.34743,0.35538,0.36325,0.37105,0.37877,0.38642,0.394,0.40149,0.4089,0.41623,0.42348,0.43064,0.43772,0.44471,0.45161,0.45841,0.46513,0.47175,0.47828,0.48471,0.49104,0.49728,0.50341,0.50945,0.51538,0.5212,0.52693,0.53254,0.53805,0.54345,0.54874,0.55391,0.55898,0.56393,0.56877,0.57349,0.5781,0.58259,0.58696,0.59121,0.59535,0.59936,0.60325,0.60701,0.61065,0.61417,0.61756,0.62083,0.62397,0.62698,0.62987,0.63262,0.63525,0.63775,0.64011,0.64234,0.64445,0.64642,0.64825,0.64996,0.65153,0.65296,0.65427,0.65543,0.65646,0.65736,0.65812,0.65875,0.65923,0.65959,0.6598,0.65988,0.65982,0.65963,0.6593,0.65883,0.65822,0.65748,0.6566,0.65559,0.65444,0.65315,0.65172,0.65016,0.64846,0.64663,0.64466,0.64256,0.64032,0.63795,0.63545,0.63281,0.63004,0.62713,0.62409,0.62093,0.61763,0.6142,0.61064,0.60695,0.60313,0.59919,0.59512,0.59092,0.58659,0.58215,0.57757,0.57288,0.56806,0.56312,0.55806,0.55288,0.54759,0.54217,0.53664,0.53099,0.52523,0.51936,0.51337,0.50728,0.50107,0.49475,0.48833,0.4818,0.47517,0.46843,0.46159,0.45465,0.44761,0.44047,0.43323,0.4259,0.41847,0.41096,0.40335,0.39565,0.38786,0.37998,0.37203,0.36398,0.35586,0.34765,0.33936,0.331,0.32256,0.31405,0.30547,0.29681,0.28809,0.2793,0.27044,0.26152,0.25253,0.24349,0.23439,0.22523,0.21601,0.20674,0.19743,0.18806,0.17864,0.16918,0.15967,0.15012,0.14053,0.1309,0.12124,0.11154,0.1018,0.092041,0.082248,0.072428,0.062582,0.052713,0.042823,0.032913,0.022985,0.013042,0.0030846,-0.0068845,-0.016864,-0.026851,-0.036844,-0.046841,-0.056841,-0.06684,-0.076839,-0.086833,-0.096822,-0.1068,-0.11678,-0.12674,-0.13669,-0.14662,-0.15654,-0.16643,-0.17631,-0.18616,-0.19599,-0.2058,-0.21557,-0.22532,-0.23503,-0.24471,-0.25436,-0.26396,-0.27353,-0.28306,-0.29254,-0.30198,-0.31137,-0.32072,-0.33002,-0.33926,-0.34845,-0.35759,-0.36667,-0.37569,-0.38465,-0.39355,-0.40239,-0.41116,-0.41987,-0.4285,-0.43707,-0.44557,-0.454,-0.46235,-0.47062,-0.47882,-0.48694,-0.49499,-0.50295,-0.51082,-0.51862,-0.52632,-0.53395,-0.54148,-0.54892,-0.55628,-0.56354,-0.57071,-0.57778,-0.58476,-0.59165,-0.59843,-0.60512,-0.61171,-0.61819,-0.62458,-0.63086,-0.63704,-0.64311,-0.64908,-0.65494,-0.66069,-0.66634,-0.67188,-0.6773,-0.68262,-0.68782,-0.69291,-0.69789,-0.70276,-0.70751,-0.71215,-0.71667,-0.72107,-0.72536,-0.72953,-0.73359,-0.73752,-0.74134,-0.74504,-0.74862,-0.75208,-0.75542,-0.75864,-0.76174,-0.76472,-0.76758,-0.77032,-0.77294,-0.77544,-0.77781,-0.78007,-0.7822,-0.78421,-0.7861,-0.78787,-0.78952,-0.79105,-0.79245,-0.79374,-0.7949,-0.79595,-0.79688,-0.79768,-0.79837,-0.79893,-0.79938,-0.79971,-0.79993,-0.80002,-0.8,-0.79986,-0.79961,-0.79924,-0.79875,-0.79816,-0.79745,-0.79662,-0.79568,-0.79464,-0.79348,-0.79221,-0.79083,-0.78935,-0.78775,-0.78605,-0.78425,-0.78234,-0.78032,-0.77821,-0.77599,-0.77367,-0.77125,-0.76873,-0.76611,-0.7634,-0.76059,-0.75769,-0.75469,-0.7516,-0.74842,-0.74515,-0.7418,-0.73835,-0.73482,-0.73121,-0.72751,-0.72373,-0.71987,-0.71593,-0.71191,-0.70782,-0.70365,-0.6994,-0.69509,-0.6907,-0.68625,-0.68172,-0.67714,-0.67248,-0.66777,-0.66299,-0.65815,-0.65325,-0.6483,-0.64329,-0.63823,-0.63311,-0.62795,-0.62273,-0.61747,-0.61217,-0.60682,-0.60143,-0.59599,-0.59052,-0.58501,-0.57947,-0.57389,-0.56828,-0.56264,-0.55697,-0.55128,-0.54556,-0.53982,-0.53405,-0.52827,-0.52246,-0.51665,-0.51081,-0.50497,-0.49911,-0.49324,-0.48737,-0.48149,-0.4756,-0.46972,-0.46383,-0.45794,-0.45206,-0.44618,-0.44031,-0.43444,-0.42859,-0.42274,-0.41691,-0.4111,-0.4053,-0.39952,-0.39376,-0.38802,-0.3823,-0.37661,-0.37095,-0.36531,-0.3597,-0.35413,-0.34859,-0.34308,-0.33761,-0.33218,-0.32678,-0.32143,-0.31612,-0.31085,-0.30563,-0.30045,-0.29533,-0.29025,-0.28523,-0.28026,-0.27534,-0.27047,-0.26567,-0.26092,-0.25623,-0.25161,-0.24704,-0.24254,-0.23811,-0.23374,-0.22943,-0.2252,-0.22104,-0.21694,-0.21292,-0.20897,-0.2051,-0.2013,-0.19758,-0.19394,-0.19037,-0.18688,-0.18348,-0.18015,-0.17691,-0.17376,-0.17068,-0.16769,-0.16479,-0.16197,-0.15924,-0.1566,-0.15405,-0.15159,-0.14922,-0.14694,-0.14475,-0.14266,-0.14065,-0.13874,-0.13693,-0.13521,-0.13358,-0.13205,-0.13062,-0.12928,-0.12804,-0.1269,-0.12585,-0.1249,-0.12405,-0.1233,-0.12264,-0.12209,-0.12163,-0.12127,-0.12101,-0.12085,-0.12079,-0.12083,-0.12096,-0.1212,-0.12154,-0.12197,-0.1225,-0.12313,-0.12386,-0.12469,-0.12562,-0.12664,-0.12776,-0.12898,-0.1303,-0.13171,-0.13322,-0.13482,-0.13652,-0.13832,-0.1402,-0.14218,-0.14426,-0.14643,-0.14869,-0.15104,-0.15348,-0.15601,-0.15863,-0.16134,-0.16414,-0.16702,-0.17,-0.17305,-0.17619,-0.17942,-0.18272,-0.18611,-0.18958,-0.19313,-0.19676,-0.20047,-0.20425,-0.20811,-0.21205,-0.21605,-0.22013,-0.22429,-0.22851,-0.2328,-0.23716,-0.24158,-0.24607,-0.25063,-0.25524,-0.25992,-0.26466,-0.26946,-0.27431,-0.27922,-0.28419,-0.28921,-0.29428,-0.2994,-0.30457,-0.30978,-0.31505,-0.32035,-0.3257,-0.3311,-0.33653,-0.342,-0.3475,-0.35304,-0.35862,-0.36423,-0.36986,-0.37553,-0.38122,-0.38694,-0.39268,-0.39844,-0.40423,-0.41003,-0.41585,-0.42168,-0.42753,-0.43339,-0.43926,-0.44514,-0.45103,-0.45692,-0.46281,-0.46871,-0.4746,-0.4805,-0.48639,-0.49227,-0.49815,-0.50401,-0.50987,-0.51571,-0.52154,-0.52736,-0.53316,-0.53893,-0.54469,-0.55042,-0.55613,-0.56181,-0.56746,-0.57308,-0.57868,-0.58423,-0.58976,-0.59524,-0.60069,-0.6061,-0.61146,-0.61678,-0.62206,-0.62729,-0.63247,-0.6376,-0.64268,-0.6477,-0.65267,-0.65758,-0.66244,-0.66723,-0.67196,-0.67663,-0.68124,-0.68578,-0.69025,-0.69465,-0.69898,-0.70324,-0.70743,-0.71154,-0.71557,-0.71953,-0.7234,-0.7272,-0.73091,-0.73454,-0.73809,-0.74155,-0.74492,-0.7482,-0.75139,-0.7545,-0.75751,-0.76042,-0.76325,-0.76597,-0.7686,-0.77113,-0.77356,-0.7759,-0.77813,-0.78025,-0.78228,-0.7842,-0.78602,-0.78773,-0.78933,-0.79082,-0.79221,-0.79349,-0.79465,-0.79571,-0.79665,-0.79748,-0.7982,-0.7988,-0.79929,-0.79967,-0.79993,-0.80007,-0.80009,-0.8,-0.79979,-0.79946,-0.79901,-0.79845,-0.79776,-0.79696,-0.79603,-0.79498,-0.79382,-0.79253,-0.79112,-0.78959,-0.78794,-0.78616,-0.78427,-0.78225,-0.78011,-0.77785,-0.77547,-0.77297,-0.77034,-0.76759,-0.76473,-0.76174,-0.75863,-0.75539,-0.75204,-0.74857,-0.74498,-0.74127,-0.73744,-0.73349,-0.72942,-0.72523,-0.72093,-0.71651,-0.71197,-0.70732,-0.70255,-0.69767,-0.69267,-0.68756,-0.68234,-0.67701,-0.67156,-0.66601,-0.66034,-0.65457,-0.64869,-0.6427,-0.63661,-0.63041,-0.6241,-0.6177,-0.61119,-0.60458,-0.59787,-0.59106,-0.58416,-0.57715,-0.57006,-0.56286,-0.55558,-0.5482,-0.54073,-0.53318,-0.52553,-0.5178,-0.50998,-0.50208,-0.4941,-0.48604,-0.47789,-0.46967,-0.46137,-0.453,-0.44455,-0.43603,-0.42743,-0.41877,-0.41004,-0.40125,-0.39239,-0.38347,-0.37449,-0.36544,-0.35634,-0.34719,-0.33798,-0.32871,-0.3194,-0.31003,-0.30062,-0.29116,-0.28166,-0.27212,-0.26253,-0.25291,-0.24325,-0.23356,-0.22383,-0.21407,-0.20428,-0.19447,-0.18462,-0.17476,-0.16487,-0.15496,-0.14504,-0.1351,-0.12514,-0.11517,-0.1052,-0.095209,-0.085215,-0.075217,-0.065216,-0.055214,-0.045213,-0.035216,-0.025223,-0.015237,-0.0052606,0.0047053,0.014658,0.024597,0.034519,0.044422,0.054305,0.064165,0.074001,0.083811,0.093592,0.10334,0.11306,0.12275,0.1324,0.14201,0.15158,0.16112,0.1706,0.18005,0.18944,0.19879,0.20809,0.21733,0.22653,0.23566,0.24474,0.25375,0.26271,0.27161,0.28043,0.2892,0.29789,0.30652,0.31507,0.32355,0.33196,0.34029,0.34854,0.35671,0.3648,0.37281,0.38073,0.38857,0.39632,0.40399,0.41156,0.41904,0.42643,0.43373,0.44093,0.44803,0.45503,0.46194,0.46874,0.47544,0.48204,0.48853,0.49492,0.5012,0.50737,0.51344,0.51939,0.52523,0.53096,0.53658,0.54208,0.54746,0.55273,0.55789,0.56292,0.56784,0.57263,0.57731,0.58186,0.58629,0.5906,0.59478,0.59884,0.60278,0.60659,0.61027,0.61383,0.61726,0.62056,0.62374,0.62678,0.6297,0.63248,0.63514,0.63767,0.64006,0.64233,0.64447,0.64647,0.64834,0.65008,0.65169,0.65317,0.65452,0.65573,0.65681,0.65776,0.65858,0.65927,0.65983,0.66025,0.66055,0.66071,0.66074,0.66064,0.66042,0.66006,0.65957,0.65895,0.65821,0.65734,0.65634,0.65521,0.65395,0.65257,0.65107,0.64944,0.64768,0.6458,0.6438,0.64168,0.63943,0.63707,0.63458,0.63198,0.62926,0.62642,0.62346,0.62039,0.61721,0.61391,0.6105,0.60697,0.60334,0.5996,0.59575,0.5918,0.58774,0.58357,0.5793,0.57493,0.57046,0.56589,0.56122,0.55645,0.55159,0.54664,0.54159,0.53645,0.53122,0.5259,0.5205,0.51501,0.50944,0.50378,0.49804,0.49223,0.48634,0.48037,0.47432,0.46821,0.46202,0.45577,0.44944,0.44305,0.4366,0.43008,0.4235,0.41687,0.41017,0.40342,0.39662,0.38977,0.38286,0.37591,0.36891,0.36187,0.35478,0.34765,0.34049,0.33328,0.32604,0.31877,0.31147,0.30413,0.29677,0.28939,0.28198,0.27455,0.2671,0.25963,0.25214,0.24464,0.23713,0.22961,0.22208,0.21454,0.207,0.19946,0.19192,0.18438,0.17684,0.16931,0.16178,0.15427,0.14676,0.13927,0.1318,0.12434,0.1169,0.10948,0.10208,0.094713,0.087369,0.080053,0.072767,0.065514,0.058295,0.051112,0.043966,0.036861,0.029797,0.022776,0.0158,0.0088711,0.0019908,-0.0048389,-0.011617,-0.01834,-0.025008,-0.031619,-0.03817,-0.044661,-0.05109,-0.057454,-0.063753,-0.069984,-0.076147,-0.082239,-0.088259,-0.094205,-0.10008,-0.10587,-0.11159,-0.11722,-0.12278,-0.12825,-0.13364,-0.13895,-0.14416,-0.14929,-0.15433,-0.15928,-0.16414,-0.1689,-0.17357,-0.17815,-0.18262,-0.187,-0.19128,-0.19546,-0.19954,-0.20352,-0.20739,-0.21116,-0.21482,-0.21838,-0.22182,-0.22517,-0.2284,-0.23152,-0.23453,-0.23743,-0.24021,-0.24288,-0.24544,-0.24789,-0.25022,-0.25243,-0.25453,-0.2565,-0.25837,-0.26011,-0.26173,-0.26324,-0.26462,-0.26589,-0.26703,-0.26806,-0.26896,-0.26974,-0.2704,-0.27094,-0.27135,-0.27165,-0.27182,-0.27187,-0.27179,-0.27159,-0.27127,-0.27083,-0.27027,-0.26958,-0.26877,-0.26783,-0.26678,-0.2656,-0.2643,-0.26288,-0.26133,-0.25967,-0.25789,-0.25598,-0.25395,-0.25181,-0.24954,-0.24716,-0.24466,-0.24204,-0.2393,-0.23645,-0.23348,-0.2304,-0.2272,-0.22389,-0.22046,-0.21692,-0.21327,-0.20951,-0.20564,-0.20166,-0.19757,-0.19337,-0.18907,-0.18466,-0.18014,-0.17553,-0.17081,-0.16599,-0.16107,-0.15605,-0.15093,-0.14571,-0.1404,-0.135,-0.1295,-0.12391,-0.11822,-0.11245,-0.10659,-0.10065,-0.094614,-0.088497,-0.082299,-0.076018,-0.069658,-0.06322,-0.056705,-0.050114,-0.043449,-0.036712,-0.029904,-0.023027,-0.016082,-0.0090716,-0.0019964,0.0051417,0.012341,0.0196,0.026916,0.034289,0.041716,0.049196,0.056726,0.064306,0.071934,0.079607,0.087324,0.095083,0.10288,0.11072,0.11859,0.1265,0.13445,0.14242,0.15042,0.15845,0.16651,0.17459,0.18269,0.19081,0.19895,0.2071,0.21527,0.22346,0.23165,0.23985,0.24805,0.25627,0.26448,0.2727,0.28091,0.28912,0.29733,0.30553,0.31372,0.32189,0.33006,0.33821,0.34635,0.35446,0.36256,0.37064,0.37869,0.38671,0.39471,0.40267,0.41061,0.41851,0.42637,0.4342,0.44199,0.44974,0.45744,0.4651,0.47271,0.48028,0.4878,0.49526,0.50267,0.51002,0.51732,0.52456,0.53173,0.53885,0.5459,0.55289,0.5598,0.56665,0.57343,0.58014,0.58677,0.59332,0.5998,0.6062,0.61252,0.61876,0.62492,0.63099,0.63697,0.64287,0.64867,0.65439,0.66002,0.66555,0.67098,0.67632,0.68157,0.68671,0.69176,0.6967,0.70154,0.70628,0.71092,0.71544,0.71986,0.72418,0.72838,0.73247,0.73645,0.74032,0.74408,0.74772,0.75124,0.75465,0.75795,0.76112,0.76418,0.76712,0.76993,0.77263,0.7752,0.77765,0.77998,0.78218,0.78426,0.78622,0.78804,0.78974,0.79132,0.79277,0.79409,0.79528,0.79634,0.79728,0.79808,0.79876,0.7993,0.79972,0.8,0.80015,0.80018,0.80007,0.79983,0.79946,0.79895,0.79832,0.79755,0.79666,0.79563,0.79447,0.79318,0.79176,0.7902,0.78852,0.7867,0.78476,0.78268,0.78048,0.77814,0.77568,0.77309,0.77037,0.76752,0.76454,0.76143,0.7582,0.75485,0.75136,0.74776,0.74402,0.74017,0.73619,0.73209,0.72786,0.72352,0.71905,0.71447,0.70977,0.70494,0.70001,0.69495,0.68978,0.6845,0.6791,0.67359,0.66797,0.66224,0.6564,0.65045,0.64439,0.63823,0.63196,0.62559,0.61911,0.61253,0.60586,0.59908,0.5922,0.58523,0.57817,0.571,0.56375,0.5564,0.54897,0.54144,0.53383,0.52613,0.51835,0.51048,0.50253,0.4945,0.48639,0.47821,0.46995,0.46161,0.4532,0.44472,0.43617,0.42755,0.41886,0.41011,0.4013,0.39242,0.38348,0.37448,0.36543,0.35632,0.34716,0.33794,0.32868,0.31936,0.31,0.30059,0.29113,0.28164,0.2721,0.26253,0.25292,0.24327,0.23359,0.22387,0.21413,0.20436,0.19456,0.18473,0.17488,0.16501,0.15512,0.14521,0.13529,0.12535,0.11539,0.10543,0.095452,0.085469,0.075478,0.065483,0.055485,0.045486,0.035487,0.02549,0.015496,0.0055079,-0.0044733,-0.014446,-0.024408,-0.034358,-0.044295,-0.054216,-0.064121,-0.074007,-0.083873,-0.093718,-0.10354,-0.11334,-0.12311,-0.13285,-0.14256,-0.15224,-0.16189,-0.17151,-0.18109,-0.19063,-0.20014,-0.2096,-0.21902,-0.2284,-0.23774,-0.24703,-0.25628,-0.26547,-0.27462,-0.28371,-0.29276,-0.30175,-0.31068,-0.31956,-0.32838,-0.33714,-0.34585,-0.35449,-0.36307,-0.37159,-0.38004,-0.38842,-0.39674,-0.405,-0.41318,-0.42129,-0.42934,-0.43731,-0.4452,-0.45303,-0.46078,-0.46845,-0.47605,-0.48357,-0.49101,-0.49837,-0.50566,-0.51286,-0.51998,-0.52702,-0.53397,-0.54084,-0.54763,-0.55433,-0.56095,-0.56748,-0.57392,-0.58028,-0.58655,-0.59273,-0.59882,-0.60482,-0.61073,-0.61656,-0.62229,-0.62793,-0.63348,-0.63893,-0.6443,-0.64957,-0.65475,-0.65984,-0.66484,-0.66974,-0.67454,-0.67926,-0.68388,-0.68841,-0.69284,-0.69718,-0.70143,-0.70558,-0.70964,-0.7136,-0.71748,-0.72125,-0.72494,-0.72853,-0.73202,-0.73543,-0.73874,-0.74196,-0.74509,-0.74812,-0.75106,-0.75392,-0.75668,-0.75935,-0.76192,-0.76441,-0.76681,-0.76912,-0.77135,-0.77348,-0.77552,-0.77748,-0.77935,-0.78114,-0.78284,-0.78446,-0.78599,-0.78743,-0.7888,-0.79008,-0.79128,-0.7924,-0.79344,-0.7944,-0.79528,-0.79608,-0.79681,-0.79746,-0.79803,-0.79853,-0.79895,-0.7993,-0.79958,-0.79979,-0.79993,-0.8,-0.8,-0.79993,-0.7998,-0.7996,-0.79934,-0.79901,-0.79862,-0.79817,-0.79765,-0.79708,-0.79645,-0.79576,-0.79502,-0.79422,-0.79337,-0.79246,-0.7915,-0.79049,-0.78944,-0.78833,-0.78717,-0.78597,-0.78473,-0.78344,-0.78211,-0.78073,-0.77932,-0.77786,-0.77637,-0.77484,-0.77328,-0.77168,-0.77005,-0.76838,-0.76669,-0.76496,-0.76321,-0.76143,-0.75962,-0.75779,-0.75593,-0.75405,-0.75215,-0.75023,-0.74829,-0.74634,-0.74437,-0.74238,-0.74037,-0.73836,-0.73633,-0.7343,-0.73225,-0.73019,-0.72813,-0.72606,-0.72399,-0.72191,-0.71983,-0.71775,-0.71567,-0.71359,-0.71152,-0.70944,-0.70737,-0.7053,-0.70325,-0.70119,-0.69915,-0.69712,-0.6951,-0.69308,-0.69109,-0.6891,-0.68713,-0.68518,-0.68324,-0.68132,-0.67942,-0.67753,-0.67567,-0.67383,-0.67201,-0.67022,-0.66844,-0.6667,-0.66498,-0.66328,-0.66161,-0.65997,-0.65836,-0.65678,-0.65523,-0.65371,-0.65222,-0.65076,-0.64934,-0.64795,-0.64659,-0.64527,-0.64399,-0.64274,-0.64153,-0.64035,-0.63922,-0.63812,-0.63706,-0.63604,-0.63506,-0.63412,-0.63322,-0.63237,-0.63155,-0.63078,-0.63004,-0.62935,-0.62871,-0.62811,-0.62755,-0.62703,-0.62656,-0.62613,-0.62574,-0.62541,-0.62511,-0.62486,-0.62466,-0.6245,-0.62438,-0.62431,-0.62429,-0.62431,-0.62437,-0.62448,-0.62464,-0.62484,-0.62508,-0.62537,-0.62571,-0.62609,-0.62651,-0.62698,-0.62749,-0.62804,-0.62864,-0.62929,-0.62997,-0.6307,-0.63147,-0.63228,-0.63313,-0.63402,-0.63496,-0.63593,-0.63695,-0.638,-0.63909,-0.64022,-0.64139,-0.6426,-0.64384,-0.64512,-0.64644,-0.64778,-0.64917,-0.65059,-0.65204,-0.65352,-0.65503,-0.65658,-0.65816,-0.65976,-0.6614,-0.66306,-0.66475,-0.66646,-0.6682,-0.66997,-0.67176,-0.67357,-0.67541,-0.67726,-0.67914,-0.68103,-0.68295,-0.68488,-0.68683,-0.68879,-0.69077,-0.69276,-0.69477,-0.69678,-0.69881,-0.70085,-0.70289,-0.70495,-0.70701,-0.70907,-0.71114,-0.71321,-0.71529,-0.71736,-0.71944,-0.72151,-0.72358,-0.72565,-0.72772,-0.72978,-0.73183,-0.73387,-0.7359,-0.73793,-0.73994,-0.74194,-0.74393,-0.7459,-0.74785,-0.74979,-0.75171,-0.75361,-0.75548,-0.75734,-0.75917,-0.76098,-0.76276,-0.76452,-0.76625,-0.76795,-0.76961,-0.77125,-0.77285,-0.77442,-0.77596,-0.77746,-0.77892,-0.78034,-0.78172,-0.78307,-0.78437,-0.78562,-0.78684,-0.788,-0.78912,-0.7902,-0.79122,-0.79219,-0.79312,-0.79399,-0.79481,-0.79557,-0.79628,-0.79693,-0.79753,-0.79806,-0.79854,-0.79896,-0.79931,-0.7996,-0.79983,-0.8,-0.8001,-0.80013,-0.8001,-0.8,-0.79983,-0.79959,-0.79928,-0.7989,-0.79844,-0.79792,-0.79732,-0.79664,-0.79589,-0.79506,-0.79416,-0.79317,-0.79211,-0.79097,-0.78975,-0.78845,-0.78707,-0.78561,-0.78406,-0.78243,-0.78072,-0.77893,-0.77705,-0.77508,-0.77303,-0.77089,-0.76867,-0.76636,-0.76397,-0.76148,-0.75891,-0.75625,-0.7535,-0.75066,-0.74773,-0.74472,-0.74161,-0.73841,-0.73513,-0.73175,-0.72828,-0.72472,-0.72108,-0.71734,-0.71351,-0.70959,-0.70558,-0.70147,-0.69728,-0.693,-0.68862,-0.68416,-0.67961,-0.67496,-0.67023,-0.6654,-0.66049,-0.65548,-0.65039,-0.64521,-0.63994,-0.63458,-0.62914,-0.6236,-0.61798,-0.61228,-0.60649,-0.60061,-0.59464,-0.5886,-0.58247,-0.57625,-0.56995,-0.56357,-0.55711,-0.55057,-0.54395,-0.53724,-0.53046,-0.5236,-0.51667,-0.50966,-0.50257,-0.49541,-0.48817,-0.48086,-0.47348,-0.46602,-0.4585,-0.45091,-0.44325,-0.43552,-0.42773,-0.41987,-0.41194,-0.40396,-0.39591,-0.3878,-0.37963,-0.3714,-0.36312,-0.35478,-0.34638,-0.33793,-0.32943,-0.32088,-0.31227,-0.30362,-0.29492,-0.28618,-0.27739,-0.26856,-0.25969,-0.25077,-0.24182,-0.23283,-0.22381,-0.21474,-0.20565,-0.19653,-0.18737,-0.17819,-0.16897,-0.15974,-0.15048,-0.14119,-0.13189,-0.12257,-0.11323,-0.10387,-0.094498,-0.085113,-0.075718,-0.066313,-0.0569,-0.04748,-0.038056,-0.028629,-0.019201,-0.0097725,-0.00034657,0.0090756,0.018492,0.027902,0.037303,0.046693,0.056071,0.065435,0.074783,0.084114,0.093426,0.10272,0.11199,0.12123,0.13045,0.13964,0.1488,0.15793,0.16702,0.17609,0.18511,0.1941,0.20305,0.21195,0.22082,0.22963,0.23841,0.24713,0.2558,0.26442,0.27299,0.28151,0.28996,0.29836,0.3067,0.31497,0.32319,0.33134,0.33942,0.34743,0.35538,0.36325,0.37105,0.37877,0.38642,0.394,0.40149,0.4089,0.41623,0.42348,0.43064,0.43772,0.44471,0.45161,0.45841,0.46513,0.47175,0.47828,0.48471,0.49104,0.49728,0.50341,0.50945,0.51538,0.5212,0.52693,0.53254,0.53805,0.54345,0.54874,0.55391,0.55898,0.56393,0.56877,0.57349,0.5781,0.58259,0.58696,0.59121,0.59535,0.59936,0.60325,0.60701,0.61065,0.61417,0.61756,0.62083,0.62397,0.62698,0.62987,0.63262,0.63525,0.63775,0.64011,0.64234,0.64445,0.64642,0.64825,0.64996,0.65153,0.65296,0.65427,0.65543,0.65646,0.65736,0.65812,0.65875,0.65923,0.65959,0.6598,0.65988,0.65982,0.65963,0.6593,0.65883,0.65822,0.65748,0.6566,0.65559,0.65444,0.65315,0.65172,0.65016,0.64846,0.64663,0.64466,0.64256,0.64032,0.63795,0.63545,0.63281,0.63004,0.62713,0.62409,0.62093,0.61763,0.6142,0.61064,0.60695,0.60313,0.59919,0.59512,0.59092,0.58659,0.58215,0.57757,0.57288,0.56806,0.56312,0.55806,0.55288,0.54759,0.54217,0.53664,0.53099,0.52523,0.51936,0.51337,0.50728,0.50107,0.49475,0.48833,0.4818,0.47517,0.46843,0.46159,0.45465,0.44761,0.44047,0.43323,0.4259,0.41847,0.41096,0.40335,0.39565,0.38786,0.37998,0.37203,0.36398,0.35586,0.34765,0.33936,0.331,0.32256,0.31405,0.30547,0.29681,0.28809,0.2793,0.27044,0.26152,0.25253,0.24349,0.23439,0.22523,0.21601,0.20674,0.19743,0.18806,0.17864,0.16918,0.15967,0.15012,0.14053,0.1309,0.12124,0.11154,0.1018,0.092041,0.082248,0.072428,0.062582,0.052713,0.042823,0.032913,0.022985,0.013042,0.0030846,-0.0068845,-0.016864,-0.026851,-0.036844,-0.046841,-0.056841,-0.06684,-0.076839,-0.086833,-0.096822,-0.1068,-0.11678,-0.12674,-0.13669,-0.14662,-0.15654,-0.16643,-0.17631,-0.18616,-0.19599,-0.2058,-0.21557,-0.22532,-0.23503,-0.24471,-0.25436,-0.26396,-0.27353,-0.28306,-0.29254,-0.30198,-0.31137,-0.32072,-0.33002,-0.33926,-0.34845,-0.35759,-0.36667,-0.37569,-0.38465,-0.39355,-0.40239,-0.41116,-0.41987,-0.4285,-0.43707,-0.44557,-0.454,-0.46235,-0.47062,-0.47882,-0.48694,-0.49499,-0.50295,-0.51082,-0.51862,-0.52632,-0.53395,-0.54148,-0.54892,-0.55628,-0.56354,-0.57071,-0.57778,-0.58476,-0.59165,-0.59843,-0.60512,-0.61171,-0.61819,-0.62458,-0.63086,-0.63704,-0.64311,-0.64908,-0.65494,-0.66069,-0.66634,-0.67188,-0.6773,-0.68262,-0.68782,-0.69291,-0.69789,-0.70276,-0.70751,-0.71215,-0.71667,-0.72107,-0.72536,-0.72953,-0.73359,-0.73752,-0.74134,-0.74504,-0.74862,-0.75208,-0.75542,-0.75864,-0.76174,-0.76472,-0.76758,-0.77032,-0.77294,-0.77544,-0.77781,-0.78007,-0.7822,-0.78421,-0.7861,-0.78787,-0.78952,-0.79105,-0.79245,-0.79374,-0.7949,-0.79595,-0.79688,-0.79768,-0.79837,-0.79893,-0.79938,-0.79971,-0.79993,-0.80002,-0.8,-0.79986,-0.79961,-0.79924,-0.79875,-0.79816,-0.79745,-0.79662,-0.79568,-0.79464,-0.79348,-0.79221,-0.79083,-0.78935,-0.78775,-0.78605,-0.78425,-0.78234,-0.78032,-0.77821,-0.77599,-0.77367,-0.77125,-0.76873,-0.76611,-0.7634,-0.76059,-0.75769,-0.75469,-0.7516,-0.74842,-0.74515,-0.7418,-0.73835,-0.73482,-0.73121,-0.72751,-0.72373,-0.71987,-0.71593,-0.71191,-0.70782,-0.70365,-0.6994,-0.69509,-0.6907,-0.68625,-0.68172,-0.67714,-0.67248,-0.66777,-0.66299,-0.65815,-0.65325,-0.6483,-0.64329,-0.63823,-0.63311,-0.62795,-0.62273,-0.61747,-0.61217,-0.60682,-0.60143,-0.59599,-0.59052,-0.58501,-0.57947,-0.57389,-0.56828,-0.56264,-0.55697,-0.55128,-0.54556,-0.53982,-0.53405,-0.52827,-0.52246,-0.51665,-0.51081,-0.50497,-0.49911,-0.49324,-0.48737,-0.48149,-0.4756,-0.46972,-0.46383,-0.45794,-0.45206,-0.44618,-0.44031,-0.43444,-0.42859,-0.42274,-0.41691,-0.4111,-0.4053,-0.39952,-0.39376,-0.38802,-0.3823,-0.37661,-0.37095,-0.36531,-0.3597,-0.35413,-0.34859,-0.34308,-0.33761,-0.33218,-0.32678,-0.32143,-0.31612,-0.31085,-0.30563,-0.30045,-0.29533,-0.29025,-0.28523,-0.28026,-0.27534,-0.27047,-0.26567,-0.26092,-0.25623,-0.25161,-0.24704,-0.24254,-0.23811,-0.23374,-0.22943,-0.2252,-0.22104,-0.21694,-0.21292,-0.20897,-0.2051,-0.2013,-0.19758,-0.19394,-0.19037,-0.18688,-0.18348,-0.18015,-0.17691,-0.17376,-0.17068,-0.16769,-0.16479,-0.16197,-0.15924,-0.1566,-0.15405,-0.15159,-0.14922,-0.14694,-0.14475,-0.14266,-0.14065,-0.13874,-0.13693,-0.13521,-0.13358,-0.13205,-0.13062,-0.12928,-0.12804,-0.1269,-0.12585,-0.1249,-0.12405,-0.1233,-0.12264,-0.12209,-0.12163,-0.12127,-0.12101,-0.12085,-0.12079,-0.12083,-0.12096,-0.1212,-0.12154,-0.12197,-0.1225,-0.12313,-0.12386,-0.12469,-0.12562,-0.12664,-0.12776,-0.12898,-0.1303,-0.13171,-0.13322,-0.13482,-0.13652,-0.13832,-0.1402,-0.14218,-0.14426,-0.14643,-0.14869,-0.15104,-0.15348,-0.15601,-0.15863,-0.16134,-0.16414,-0.16702,-0.17,-0.17305,-0.17619,-0.17942,-0.18272,-0.18611,-0.18958,-0.19313,-0.19676,-0.20047,-0.20425,-0.20811,-0.21205,-0.21605,-0.22013,-0.22429,-0.22851,-0.2328,-0.23716,-0.24158,-0.24607,-0.25063,-0.25524,-0.25992,-0.26466,-0.26946,-0.27431,-0.27922,-0.28419,-0.28921,-0.29428,-0.2994,-0.30457,-0.30978,-0.31505,-0.32035,-0.3257,-0.3311,-0.33653,-0.342,-0.3475,-0.35304,-0.35862,-0.36423,-0.36986,-0.37553,-0.38122,-0.38694,-0.39268,-0.39844,-0.40423,-0.41003,-0.41585,-0.42168,-0.42753,-0.43339,-0.43926,-0.44514,-0.45103,-0.45692,-0.46281,-0.46871,-0.4746,-0.4805,-0.48639,-0.49227,-0.49815,-0.50401,-0.50987,-0.51571,-0.52154,-0.52736,-0.53316,-0.53893,-0.54469,-0.55042,-0.55613,-0.56181,-0.56746,-0.57308,-0.57868,-0.58423,-0.58976,-0.59524,-0.60069,-0.6061,-0.61146,-0.61678,-0.62206,-0.62729,-0.63247,-0.6376,-0.64268,-0.6477,-0.65267,-0.65758,-0.66244,-0.66723,-0.67196,-0.67663,-0.68124,-0.68578,-0.69025,-0.69465,-0.69898,-0.70324,-0.70743,-0.71154,-0.71557,-0.71953,-0.7234,-0.7272,-0.73091,-0.73454,-0.73809,-0.74155,-0.74492,-0.7482,-0.75139,-0.7545,-0.75751,-0.76042,-0.76325,-0.76597,-0.7686,-0.77113,-0.77356,-0.7759,-0.77813,-0.78025,-0.78228,-0.7842,-0.78602,-0.78773,-0.78933,-0.79082,-0.79221,-0.79349,-0.79465,-0.79571,-0.79665,-0.79748,-0.7982,-0.7988,-0.79929,-0.79967,-0.79993,-0.80007,-0.80009,-0.8,-0.79979,-0.79946,-0.79901,-0.79845,-0.79776,-0.79696,-0.79603,-0.79498,-0.79382,-0.79253,-0.79112,-0.78959,-0.78794,-0.78616,-0.78427,-0.78225,-0.78011,-0.77785,-0.77547,-0.77297,-0.77034,-0.76759,-0.76473,-0.76174,-0.75863,-0.75539,-0.75204,-0.74857,-0.74498,-0.74127,-0.73744,-0.73349,-0.72942,-0.72523,-0.72093,-0.71651,-0.71197,-0.70732,-0.70255,-0.69767,-0.69267,-0.68756,-0.68234,-0.67701,-0.67156,-0.66601,-0.66034,-0.65457,-0.64869,-0.6427,-0.63661,-0.63041,-0.6241,-0.6177,-0.61119,-0.60458,-0.59787,-0.59106,-0.58416,-0.57715,-0.57006,-0.56286,-0.55558,-0.5482,-0.54073,-0.53318,-0.52553,-0.5178,-0.50998,-0.50208,-0.4941,-0.48604,-0.47789,-0.46967,-0.46137,-0.453,-0.44455,-0.43603,-0.42743,-0.41877,-0.41004,-0.40125,-0.39239,-0.38347,-0.37449,-0.36544,-0.35634,-0.34719,-0.33798,-0.32871,-0.3194,-0.31003,-0.30062,-0.29116,-0.28166,-0.27212,-0.26253,-0.25291,-0.24325,-0.23356,-0.22383,-0.21407,-0.20428,-0.19447,-0.18462,-0.17476,-0.16487,-0.15496,-0.14504,-0.1351,-0.12514,-0.11517,-0.1052,-0.095209,-0.085215,-0.075217,-0.065216,-0.055214,-0.045213,-0.035216,-0.025223,-0.015237,-0.0052606,0.0047053,0.014658,0.024597,0.034519,0.044422,0.054305,0.064165,0.074001,0.083811,0.093592,0.10334,0.11306,0.12275,0.1324,0.14201,0.15158,0.16112,0.1706,0.18005,0.18944,0.19879,0.20809,0.21733,0.22653,0.23566,0.24474,0.25375,0.26271,0.27161,0.28043,0.2892,0.29789,0.30652,0.31507,0.32355,0.33196,0.34029,0.34854,0.35671,0.3648,0.37281,0.38073,0.38857,0.39632,0.40399,0.41156,0.41904,0.42643,0.43373,0.44093,0.44803,0.45503,0.46194,0.46874,0.47544,0.48204,0.48853,0.49492,0.5012,0.50737,0.51344,0.51939,0.52523,0.53096,0.53658,0.54208,0.54746,0.55273,0.55789,0.56292,0.56784,0.57263,0.57731,0.58186,0.58629,0.5906,0.59478,0.59884,0.60278,0.60659,0.61027,0.61383,0.61726,0.62056,0.62374,0.62678,0.6297,0.63248,0.63514,0.63767,0.64006,0.64233,0.64447,0.64647,0.64834,0.65008,0.65169,0.65317,0.65452,0.65573,0.65681,0.65776,0.65858,0.65927,0.65983,0.66025,0.66055,0.66071,0.66074,0.66064,0.66042,0.66006,0.65957,0.65895,0.65821,0.65734,0.65634,0.65521,0.65395,0.65257,0.65107,0.64944,0.64768,0.6458,0.6438,0.64168,0.63943,0.63707,0.63458,0.63198,0.62926,0.62642,0.62346,0.62039,0.61721,0.61391,0.6105,0.60697,0.60334,0.5996,0.59575,0.5918,0.58774,0.58357,0.5793,0.57493,0.57046,0.56589,0.56122,0.55645,0.55159,0.54664,0.54159,0.53645,0.53122,0.5259,0.5205,0.51501,0.50944,0.50378,0.49804,0.49223,0.48634,0.48037,0.47432,0.46821,0.46202,0.45577,0.44944,0.44305,0.4366,0.43008,0.4235,0.41687,0.41017,0.40342,0.39662,0.38977,0.38286,0.37591,0.36891,0.36187,0.35478,0.34765,0.34049,0.33328,0.32604,0.31877,0.31147,0.30413,0.29677,0.28939,0.28198,0.27455,0.2671,0.25963,0.25214,0.24464,0.23713,0.22961,0.22208,0.21454,0.207,0.19946,0.19192,0.18438,0.17684,0.16931,0.16178,0.15427,0.14676,0.13927,0.1318,0.12434,0.1169,0.10948,0.10208,0.094713,0.087369,0.080053,0.072767,0.065514,0.058295,0.051112,0.043966,0.036861,0.029797,0.022776,0.0158,0.0088711,0.0019908,-0.0048389,-0.011617,-0.01834,-0.025008,-0.031619,-0.03817,-0.044661,-0.05109,-0.057454,-0.063753,-0.069984,-0.076147,-0.082239,-0.088259,-0.094205,-0.10008,-0.10587,-0.11159,-0.11722,-0.12278,-0.12825,-0.13364,-0.13895,-0.14416,-0.14929,-0.15433,-0.15928,-0.16414,-0.1689,-0.17357,-0.17815,-0.18262,-0.187,-0.19128,-0.19546,-0.19954,-0.20352,-0.20739,-0.21116,-0.21482,-0.21838,-0.22182,-0.22517,-0.2284,-0.23152,-0.23453,-0.23743,-0.24021,-0.24288,-0.24544,-0.24789,-0.25022,-0.25243,-0.25453,-0.2565,-0.25837,-0.26011,-0.26173,-0.26324,-0.26462,-0.26589,-0.26703,-0.26806,-0.26896,-0.26974,-0.2704,-0.27094,-0.27135,-0.27165,-0.27182,-0.27187,-0.27179,-0.27159,-0.27127,-0.27083,-0.27027,-0.26958,-0.26877,-0.26783,-0.26678,-0.2656,-0.2643,-0.26288,-0.26133,-0.25967,-0.25789,-0.25598,-0.25395,-0.25181,-0.24954,-0.24716,-0.24466,-0.24204,-0.2393,-0.23645,-0.23348,-0.2304,-0.2272,-0.22389,-0.22046,-0.21692,-0.21327,-0.20951,-0.20564,-0.20166,-0.19757,-0.19337,-0.18907,-0.18466,-0.18014,-0.17553,-0.17081,-0.16599,-0.16107,-0.15605,-0.15093,-0.14571,-0.1404,-0.135,-0.1295,-0.12391,-0.11822,-0.11245,-0.10659,-0.10065,-0.094614,-0.088497,-0.082299,-0.076018,-0.069658,-0.06322,-0.056705,-0.050114,-0.043449,-0.036712,-0.029904,-0.023027,-0.016082,-0.0090716,-0.0019964,0.0051417,0.012341,0.0196,0.026916,0.034289,0.041716,0.049196,0.056726,0.064306,0.071934,0.079607,0.087324,0.095083,0.10288,0.11072,0.11859,0.1265,0.13445,0.14242,0.15042,0.15845,0.16651,0.17459,0.18269,0.19081,0.19895,0.2071,0.21527,0.22346,0.23165,0.23985,0.24805,0.25627,0.26448,0.2727,0.28091,0.28912,0.29733,0.30553,0.31372,0.32189,0.33006,0.33821,0.34635,0.35446,0.36256,0.37064,0.37869,0.38671,0.39471,0.40267,0.41061,0.41851,0.42637,0.4342,0.44199,0.44974,0.45744,0.4651,0.47271,0.48028,0.4878,0.49526,0.50267,0.51002,0.51732,0.52456,0.53173,0.53885,0.5459,0.55289,0.5598,0.56665,0.57343,0.58014,0.58677,0.59332,0.5998,0.6062,0.61252,0.61876,0.62492,0.63099,0.63697,0.64287,0.64867,0.65439,0.66002,0.66555,0.67098,0.67632,0.68157,0.68671,0.69176,0.6967,0.70154,0.70628,0.71092,0.71544,0.71986,0.72418,0.72838,0.73247,0.73645,0.74032,0.74408,0.74772,0.75124,0.75465,0.75795,0.76112,0.76418,0.76712,0.76993,0.77263,0.7752,0.77765,0.77998,0.78218,0.78426,0.78622,0.78804,0.78974,0.79132,0.79277,0.79409,0.79528,0.79634,0.79728,0.79808,0.79876,0.7993,0.79972,0.8,0.80015,0.80018,0.80007,0.79983,0.79946,0.79895,0.79832,0.79755,0.79666,0.79563,0.79447,0.79318,0.79176,0.7902,0.78852,0.7867,0.78476,0.78268,0.78048,0.77814,0.77568,0.77309,0.77037,0.76752,0.76454,0.76143,0.7582,0.75485,0.75136,0.74776,0.74402,0.74017,0.73619,0.73209,0.72786,0.72352,0.71905,0.71447,0.70977,0.70494,0.70001,0.69495,0.68978,0.6845,0.6791,0.67359,0.66797,0.66224,0.6564,0.65045,0.64439,0.63823,0.63196,0.62559,0.61911,0.61253,0.60586,0.59908,0.5922,0.58523,0.57817,0.571,0.56375,0.5564,0.54897,0.54144,0.53383,0.52613,0.51835,0.51048,0.50253,0.4945,0.48639,0.47821,0.46995,0.46161,0.4532,0.44472,0.43617,0.42755,0.41886,0.41011,0.4013,0.39242,0.38348,0.37448,0.36543,0.35632,0.34716,0.33794,0.32868,0.31936,0.31,0.30059,0.29113,0.28164,0.2721,0.26253,0.25292,0.24327,0.23359,0.22387,0.21413,0.20436,0.19456,0.18473,0.17488,0.16501,0.15512,0.14521,0.13529,0.12535,0.11539,0.10543,0.095452,0.085469,0.075478,0.065483,0.055485,0.045486,0.035487,0.02549,0.015496,0.0055079,-0.0044733,-0.014446,-0.024408,-0.034358,-0.044295,-0.054216,-0.064121,-0.074007,-0.083873,-0.093718,-0.10354,-0.11334,-0.12311,-0.13285,-0.14256,-0.15224,-0.16189,-0.17151,-0.18109,-0.19063,-0.20014,-0.2096,-0.21902,-0.2284,-0.23774,-0.24703,-0.25628,-0.26547,-0.27462,-0.28371,-0.29276,-0.30175,-0.31068,-0.31956,-0.32838,-0.33714,-0.34585,-0.35449,-0.36307,-0.37159,-0.38004,-0.38842,-0.39674,-0.405,-0.41318,-0.42129,-0.42934,-0.43731,-0.4452,-0.45303,-0.46078,-0.46845,-0.47605,-0.48357,-0.49101,-0.49837,-0.50566,-0.51286,-0.51998,-0.52702,-0.53397,-0.54084,-0.54763,-0.55433,-0.56095,-0.56748,-0.57392,-0.58028,-0.58655,-0.59273,-0.59882,-0.60482,-0.61073,-0.61656,-0.62229,-0.62793,-0.63348,-0.63893,-0.6443,-0.64957,-0.65475,-0.65984,-0.66484,-0.66974,-0.67454,-0.67926,-0.68388,-0.68841,-0.69284,-0.69718,-0.70143,-0.70558,-0.70964,-0.7136,-0.71748,-0.72125,-0.72494,-0.72853,-0.73202,-0.73543,-0.73874,-0.74196,-0.74509,-0.74812,-0.75106,-0.75392,-0.75668,-0.75935,-0.76192,-0.76441,-0.76681,-0.76912,-0.77135,-0.77348,-0.77552,-0.77748,-0.77935,-0.78114,-0.78284,-0.78446,-0.78599,-0.78743,-0.7888,-0.79008,-0.79128,-0.7924,-0.79344,-0.7944,-0.79528,-0.79608,-0.79681,-0.79746,-0.79803,-0.79853,-0.79895,-0.7993,-0.79958,-0.79979,-0.79993,-0.8,-0.8,-0.79993,-0.7998,-0.7996,-0.79934,-0.79901,-0.79862,-0.79817,-0.79765,-0.79708,-0.79645,-0.79576,-0.79502,-0.79422,-0.79337,-0.79246,-0.7915,-0.79049,-0.78944,-0.78833,-0.78717,-0.78597,-0.78473,-0.78344,-0.78211,-0.78073,-0.77932,-0.77786,-0.77637,-0.77484,-0.77328,-0.77168,-0.77005,-0.76838,-0.76669,-0.76496,-0.76321,-0.76143,-0.75962,-0.75779,-0.75593,-0.75405,-0.75215,-0.75023,-0.74829,-0.74634,-0.74437,-0.74238,-0.74037,-0.73836,-0.73633,-0.7343,-0.73225,-0.73019,-0.72813,-0.72606,-0.72399,-0.72191,-0.71983,-0.71775,-0.71567,-0.71359,-0.71152,-0.70944,-0.70737,-0.7053,-0.70325,-0.70119,-0.69915,-0.69712,-0.6951,-0.69308,-0.69109,-0.6891,-0.68713,-0.68518,-0.68324,-0.68132,-0.67942,-0.67753,-0.67567,-0.67383,-0.67201,-0.67022,-0.66844,-0.6667,-0.66498,-0.66328,-0.66161,-0.65997,-0.65836,-0.65678,-0.65523,-0.65371,-0.65222,-0.65076,-0.64934,-0.64795,-0.64659,-0.64527,-0.64399,-0.64274,-0.64153,-0.64035,-0.63922,-0.63812,-0.63706,-0.63604,-0.63506,-0.63412,-0.63322,-0.63237,-0.63155,-0.63078,-0.63004,-0.62935,-0.62871,-0.62811,-0.62755,-0.62703,-0.62656,-0.62613,-0.62574,-0.62541,-0.62511,-0.62486,-0.62466,-0.6245,-0.62438,-0.62431,-0.62429,-0.62431,-0.62437,-0.62448,-0.62464,-0.62484,-0.62508,-0.62537,-0.62571,-0.62609,-0.62651,-0.62698,-0.62749,-0.62804,-0.62864,-0.62929,-0.62997,-0.6307,-0.63147,-0.63228,-0.63313,-0.63402,-0.63496,-0.63593,-0.63695,-0.638,-0.63909,-0.64022,-0.64139,-0.6426,-0.64384,-0.64512,-0.64644,-0.64778,-0.64917,-0.65059,-0.65204,-0.65352,-0.65503,-0.65658,-0.65816,-0.65976,-0.6614,-0.66306,-0.66475,-0.66646,-0.6682,-0.66997,-0.67176,-0.67357,-0.67541,-0.67726,-0.67914,-0.68103,-0.68295,-0.68488,-0.68683,-0.68879,-0.69077,-0.69276,-0.69477,-0.69678,-0.69881,-0.70085,-0.70289,-0.70495,-0.70701,-0.70907,-0.71114,-0.71321,-0.71529,-0.71736,-0.71944,-0.72151,-0.72358,-0.72565,-0.72772,-0.72978,-0.73183,-0.73387,-0.7359,-0.73793,-0.73994,-0.74194,-0.74393,-0.7459,-0.74785,-0.74979,-0.75171,-0.75361,-0.75548,-0.75734,-0.75917,-0.76098,-0.76276,-0.76452,-0.76625,-0.76795,-0.76961,-0.77125,-0.77285,-0.77442,-0.77596,-0.77746,-0.77892,-0.78034,-0.78172,-0.78307,-0.78437,-0.78562,-0.78684,-0.788,-0.78912,-0.7902,-0.79122,-0.79219,-0.79312,-0.79399,-0.79481,-0.79557,-0.79628,-0.79693,-0.79753,-0.79806,-0.79854,-0.79896,-0.79931,-0.7996,-0.79983,-0.8,-0.8001,-0.80013,-0.8001,-0.8,-0.79983,-0.79959,-0.79928,-0.7989,-0.79844,-0.79792,-0.79732,-0.79664,-0.79589,-0.79506,-0.79416,-0.79317,-0.79211,-0.79097,-0.78975,-0.78845,-0.78707,-0.78561,-0.78406,-0.78243,-0.78072,-0.77893,-0.77705,-0.77508,-0.77303,-0.77089,-0.76867,-0.76636,-0.76397,-0.76148,-0.75891,-0.75625,-0.7535,-0.75066,-0.74773,-0.74472,-0.74161,-0.73841,-0.73513,-0.73175,-0.72828,-0.72472,-0.72108,-0.71734,-0.71351,-0.70959,-0.70558,-0.70147,-0.69728,-0.693,-0.68862,-0.68416,-0.67961,-0.67496,-0.67023,-0.6654,-0.66049,-0.65548,-0.65039,-0.64521,-0.63994,-0.63458,-0.62914,-0.6236,-0.61798,-0.61228,-0.60649,-0.60061,-0.59464,-0.5886,-0.58247,-0.57625,-0.56995,-0.56357,-0.55711,-0.55057,-0.54395,-0.53724,-0.53046,-0.5236,-0.51667,-0.50966,-0.50257,-0.49541,-0.48817,-0.48086,-0.47348,-0.46602,-0.4585,-0.45091,-0.44325,-0.43552,-0.42773,-0.41987,-0.41194,-0.40396,-0.39591,-0.3878,-0.37963,-0.3714,-0.36312,-0.35478,-0.34638,-0.33793,-0.32943,-0.32088,-0.31227,-0.30362,-0.29492,-0.28618,-0.27739,-0.26856,-0.25969,-0.25077,-0.24182,-0.23283,-0.22381,-0.21474,-0.20565,-0.19653,-0.18737,-0.17819,-0.16897,-0.15974,-0.15048,-0.14119,-0.13189,-0.12257,-0.11323,-0.10387,-0.094498,-0.085113,-0.075718,-0.066313,-0.0569,-0.04748,-0.038056,-0.028629,-0.019201,-0.0097725,-0.00034657,0.0090756,0.018492,0.027902,0.037303,0.046693,0.056071,0.065435,0.074783,0.084114,0.093426,0.10272,0.11199,0.12123,0.13045,0.13964,0.1488,0.15793,0.16702,0.17609,0.18511,0.1941,0.20305,0.21195,0.22082,0.22963,0.23841,0.24713,0.2558,0.26442,0.27299,0.28151,0.28996,0.29836,0.3067,0.31497,0.32319,0.33134,0.33942,0.34743,0.35538,0.36325,0.37105,0.37877,0.38642,0.394,0.40149,0.4089,0.41623,0.42348,0.43064,0.43772,0.44471,0.45161,0.45841,0.46513,0.47175,0.47828,0.48471,0.49104,0.49728,0.50341,0.50945,0.51538,0.5212,0.52693,0.53254,0.53805,0.54345,0.54874,0.55391,0.55898,0.56393,0.56877,0.57349,0.5781,0.58259,0.58696,0.59121,0.59535,0.59936,0.60325,0.60701,0.61065,0.61417,0.61756,0.62083,0.62397,0.62698,0.62987,0.63262,0.63525,0.63775,0.64011,0.64234,0.64445,0.64642,0.64825,0.64996,0.65153,0.65296,0.65427,0.65543,0.65646,0.65736,0.65812,0.65875,0.65923,0.65959,0.6598,0.65988,0.65982,0.65963,0.6593,0.65883,0.65822,0.65748,0.6566,0.65559,0.65444,0.65315,0.65172,0.65016,0.64846,0.64663,0.64466,0.64256,0.64032,0.63795,0.63545,0.63281,0.63004,0.62713,0.62409,0.62093,0.61763,0.6142,0.61064,0.60695,0.60313,0.59919,0.59512,0.59092,0.58659,0.58215,0.57757,0.57288,0.56806,0.56312,0.55806,0.55288,0.54759,0.54217,0.53664,0.53099,0.52523,0.51936,0.51337,0.50728,0.50107,0.49475,0.48833,0.4818,0.47517,0.46843,0.46159,0.45465,0.44761,0.44047,0.43323,0.4259,0.41847,0.41096,0.40335,0.39565,0.38786,0.37998,0.37203,0.36398,0.35586,0.34765,0.33936,0.331,0.32256,0.31405,0.30547,0.29681,0.28809,0.2793,0.27044,0.26152,0.25253,0.24349,0.23439,0.22523,0.21601,0.20674,0.19743,0.18806,0.17864,0.16918,0.15967,0.15012,0.14053,0.1309,0.12124,0.11154,0.1018,0.092041,0.082248,0.072428,0.062582,0.052713,0.042823,0.032913,0.022985,0.013042,0.0030846,-0.0068845,-0.016864,-0.026851,-0.036844,-0.046841,-0.056841,-0.06684,-0.076839,-0.086833,-0.096822,-0.1068,-0.11678,-0.12674,-0.13669,-0.14662,-0.15654,-0.16643,-0.17631,-0.18616,-0.19599,-0.2058,-0.21557,-0.22532,-0.23503,-0.24471,-0.25436,-0.26396,-0.27353,-0.28306,-0.29254,-0.30198,-0.31137,-0.32072,-0.33002,-0.33926,-0.34845,-0.35759,-0.36667,-0.37569,-0.38465,-0.39355,-0.40239,-0.41116,-0.41987,-0.4285,-0.43707,-0.44557,-0.454,-0.46235,-0.47062,-0.47882,-0.48694,-0.49499,-0.50295,-0.51082,-0.51862,-0.52632,-0.53395,-0.54148,-0.54892,-0.55628,-0.56354,-0.57071,-0.57778,-0.58476,-0.59165,-0.59843,-0.60512,-0.61171,-0.61819,-0.62458,-0.63086,-0.63704,-0.64311,-0.64908,-0.65494,-0.66069,-0.66634,-0.67188,-0.6773,-0.68262,-0.68782,-0.69291,-0.69789,-0.70276,-0.70751,-0.71215,-0.71667,-0.72107,-0.72536,-0.72953,-0.73359,-0.73752,-0.74134,-0.74504,-0.74862,-0.75208,-0.75542,-0.75864,-0.76174,-0.76472,-0.76758,-0.77032,-0.77294,-0.77544,-0.77781,-0.78007,-0.7822,-0.78421,-0.7861,-0.78787,-0.78952,-0.79105,-0.79245,-0.79374,-0.7949,-0.79595,-0.79688,-0.79768,-0.79837,-0.79893,-0.79938,-0.79971,-0.79993,-0.80002,-0.8,-0.79986,-0.79961,-0.79924,-0.79875,-0.79816,-0.79745,-0.79662,-0.79568,-0.79464,-0.79348,-0.79221,-0.79083,-0.78935,-0.78775,-0.78605,-0.78425,-0.78234,-0.78032,-0.77821,-0.77599,-0.77367,-0.77125,-0.76873,-0.76611,-0.7634,-0.76059,-0.75769,-0.75469,-0.7516,-0.74842,-0.74515,-0.7418,-0.73835,-0.73482,-0.73121,-0.72751,-0.72373,-0.71987,-0.71593,-0.71191,-0.70782,-0.70365,-0.6994,-0.69509,-0.6907,-0.68625,-0.68172,-0.67714,-0.67248,-0.66777,-0.66299,-0.65815,-0.65325,-0.6483,-0.64329,-0.63823,-0.63311,-0.62795,-0.62273,-0.61747,-0.61217,-0.60682,-0.60143,-0.59599,-0.59052,-0.58501,-0.57947,-0.57389,-0.56828,-0.56264,-0.55697,-0.55128,-0.54556,-0.53982,-0.53405,-0.52827,-0.52246,-0.51665,-0.51081,-0.50497,-0.49911,-0.49324,-0.48737,-0.48149,-0.4756,-0.46972,-0.46383,-0.45794,-0.45206,-0.44618,-0.44031,-0.43444,-0.42859,-0.42274,-0.41691,-0.4111,-0.4053,-0.39952,-0.39376,-0.38802,-0.3823,-0.37661,-0.37095,-0.36531,-0.3597,-0.35413,-0.34859,-0.34308,-0.33761,-0.33218,-0.32678,-0.32143,-0.31612,-0.31085,-0.30563,-0.30045,-0.29533,-0.29025,-0.28523,-0.28026,-0.27534,-0.27047,-0.26567,-0.26092,-0.25623,-0.25161,-0.24704,-0.24254,-0.23811,-0.23374,-0.22943,-0.2252,-0.22104,-0.21694,-0.21292,-0.20897,-0.2051,-0.2013,-0.19758,-0.19394,-0.19037,-0.18688,-0.18348,-0.18015,-0.17691,-0.17376,-0.17068,-0.16769,-0.16479,-0.16197,-0.15924,-0.1566,-0.15405,-0.15159,-0.14922,-0.14694,-0.14475,-0.14266,-0.14065,-0.13874,-0.13693,-0.13521,-0.13358,-0.13205,-0.13062,-0.12928,-0.12804,-0.1269,-0.12585,-0.1249,-0.12405,-0.1233,-0.12264,-0.12209,-0.12163,-0.12127,-0.12101,-0.12085,-0.12079,-0.12083,-0.12096,-0.1212,-0.12154,-0.12197,-0.1225,-0.12313,-0.12386,-0.12469,-0.12562,-0.12664,-0.12776,-0.12898,-0.1303,-0.13171,-0.13322,-0.13482,-0.13652,-0.13832,-0.1402,-0.14218,-0.14426,-0.14643,-0.14869,-0.15104,-0.15348,-0.15601,-0.15863,-0.16134,-0.16414,-0.16702,-0.17,-0.17305,-0.17619,-0.17942,-0.18272,-0.18611,-0.18958,-0.19313,-0.19676,-0.20047,-0.20425,-0.20811,-0.21205,-0.21605,-0.22013,-0.22429,-0.22851,-0.2328,-0.23716,-0.24158,-0.24607,-0.25063,-0.25524,-0.25992,-0.26466,-0.26946,-0.27431,-0.27922,-0.28419,-0.28921,-0.29428,-0.2994,-0.30457,-0.30978,-0.31505,-0.32035,-0.3257,-0.3311,-0.33653,-0.342,-0.3475,-0.35304,-0.35862,-0.36423,-0.36986,-0.37553,-0.38122,-0.38694,-0.39268,-0.39844,-0.40423,-0.41003,-0.41585,-0.42168,-0.42753,-0.43339,-0.43926,-0.44514,-0.45103,-0.45692,-0.46281,-0.46871,-0.4746,-0.4805,-0.48639,-0.49227,-0.49815,-0.50401,-0.50987,-0.51571,-0.52154,-0.52736,-0.53316,-0.53893,-0.54469,-0.55042,-0.55613,-0.56181,-0.56746,-0.57308,-0.57868,-0.58423,-0.58976,-0.59524,-0.60069,-0.6061,-0.61146,-0.61678,-0.62206,-0.62729,-0.63247,-0.6376,-0.64268,-0.6477,-0.65267,-0.65758,-0.66244,-0.66723,-0.67196,-0.67663,-0.68124,-0.68578,-0.69025,-0.69465,-0.69898,-0.70324,-0.70743,-0.71154,-0.71557,-0.71953,-0.7234,-0.7272,-0.73091,-0.73454,-0.73809,-0.74155,-0.74492,-0.7482,-0.75139,-0.7545,-0.75751,-0.76042,-0.76325,-0.76597,-0.7686,-0.77113,-0.77356,-0.7759,-0.77813,-0.78025,-0.78228,-0.7842,-0.78602,-0.78773,-0.78933,-0.79082,-0.79221,-0.79349,-0.79465,-0.79571,-0.79665,-0.79748,-0.7982,-0.7988,-0.79929,-0.79967,-0.79993,-0.80007,-0.80009,-0.8,-0.79979,-0.79946,-0.79901,-0.79845,-0.79776,-0.79696,-0.79603,-0.79498,-0.79382,-0.79253,-0.79112,-0.78959,-0.78794,-0.78616,-0.78427,-0.78225,-0.78011,-0.77785,-0.77547,-0.77297,-0.77034,-0.76759,-0.76473,-0.76174,-0.75863,-0.75539,-0.75204,-0.74857,-0.74498,-0.74127,-0.73744,-0.73349,-0.72942,-0.72523,-0.72093,-0.71651,-0.71197,-0.70732,-0.70255,-0.69767,-0.69267,-0.68756,-0.68234,-0.67701,-0.67156,-0.66601,-0.66034,-0.65457,-0.64869,-0.6427,-0.63661,-0.63041,-0.6241,-0.6177,-0.61119,-0.60458,-0.59787,-0.59106,-0.58416,-0.57715,-0.57006,-0.56286,-0.55558,-0.5482,-0.54073,-0.53318,-0.52553,-0.5178,-0.50998,-0.50208,-0.4941,-0.48604,-0.47789,-0.46967,-0.46137,-0.453,-0.44455,-0.43603,-0.42743,-0.41877,-0.41004,-0.40125,-0.39239,-0.38347,-0.37449,-0.36544,-0.35634,-0.34719,-0.33798,-0.32871,-0.3194,-0.31003,-0.30062,-0.29116,-0.28166,-0.27212,-0.26253,-0.25291,-0.24325,-0.23356,-0.22383,-0.21407,-0.20428,-0.19447,-0.18462,-0.17476,-0.16487,-0.15496,-0.14504,-0.1351,-0.12514,-0.11517,-0.1052,-0.095209,-0.085215,-0.075217,-0.065216,-0.055214,-0.045213,-0.035216,-0.025223,-0.015237,-0.0052606,0.0047053,0.014658,0.024597,0.034519,0.044422,0.054305,0.064165,0.074001,0.083811,0.093592,0.10334,0.11306,0.12275,0.1324,0.14201,0.15158,0.16112,0.1706,0.18005,0.18944,0.19879,0.20809,0.21733,0.22653,0.23566,0.24474,0.25375,0.26271,0.27161,0.28043,0.2892,0.29789,0.30652,0.31507,0.32355,0.33196,0.34029,0.34854,0.35671,0.3648,0.37281,0.38073,0.38857,0.39632,0.40399,0.41156,0.41904,0.42643,0.43373,0.44093,0.44803,0.45503,0.46194,0.46874,0.47544,0.48204,0.48853,0.49492,0.5012,0.50737,0.51344,0.51939,0.52523,0.53096,0.53658,0.54208,0.54746,0.55273,0.55789,0.56292,0.56784,0.57263,0.57731,0.58186,0.58629,0.5906,0.59478,0.59884,0.60278,0.60659,0.61027,0.61383,0.61726,0.62056,0.62374,0.62678,0.6297,0.63248,0.63514,0.63767,0.64006,0.64233,0.64447,0.64647,0.64834,0.65008,0.65169,0.65317,0.65452,0.65573,0.65681,0.65776,0.65858,0.65927,0.65983,0.66025,0.66055,0.66071,0.66074,0.66064,0.66042,0.66006,0.65957,0.65895,0.65821,0.65734,0.65634,0.65521,0.65395,0.65257,0.65107,0.64944,0.64768,0.6458,0.6438,0.64168,0.63943,0.63707,0.63458,0.63198,0.62926,0.62642,0.62346,0.62039,0.61721,0.61391,0.6105,0.60697,0.60334,0.5996,0.59575,0.5918,0.58774,0.58357,0.5793,0.57493,0.57046,0.56589,0.56122,0.55645,0.55159,0.54664,0.54159,0.53645,0.53122,0.5259,0.5205,0.51501,0.50944,0.50378,0.49804,0.49223,0.48634,0.48037,0.47432,0.46821,0.46202,0.45577,0.44944,0.44305,0.4366,0.43008,0.4235,0.41687,0.41017,0.40342,0.39662,0.38977,0.38286,0.37591,0.36891,0.36187,0.35478,0.34765,0.34049,0.33328,0.32604,0.31877,0.31147,0.30413,0.29677,0.28939,0.28198,0.27455,0.2671,0.25963,0.25214,0.24464,0.23713,0.22961,0.22208,0.21454,0.207,0.19946,0.19192,0.18438,0.17684,0.16931,0.16178,0.15427,0.14676,0.13927,0.1318,0.12434,0.1169,0.10948,0.10208,0.094713,0.087369,0.080053,0.072767,0.065514,0.058295,0.051112,0.043966,0.036861,0.029797,0.022776,0.0158,0.0088711,0.0019908,-0.0048389,-0.011617,-0.01834,-0.025008,-0.031619,-0.03817,-0.044661,-0.05109,-0.057454,-0.063753,-0.069984,-0.076147,-0.082239,-0.088259,-0.094205,-0.10008,-0.10587,-0.11159,-0.11722,-0.12278,-0.12825,-0.13364,-0.13895,-0.14416,-0.14929,-0.15433,-0.15928,-0.16414,-0.1689,-0.17357,-0.17815,-0.18262,-0.187,-0.19128,-0.19546,-0.19954,-0.20352,-0.20739,-0.21116,-0.21482,-0.21838,-0.22182,-0.22517,-0.2284,-0.23152,-0.23453,-0.23743,-0.24021,-0.24288,-0.24544,-0.24789,-0.25022,-0.25243,-0.25453,-0.2565,-0.25837,-0.26011,-0.26173,-0.26324,-0.26462,-0.26589,-0.26703,-0.26806,-0.26896,-0.26974,-0.2704,-0.27094,-0.27135,-0.27165,-0.27182,-0.27187,-0.27179,-0.27159,-0.27127,-0.27083,-0.27027,-0.26958,-0.26877,-0.26783,-0.26678,-0.2656,-0.2643,-0.26288,-0.26133,-0.25967,-0.25789,-0.25598,-0.25395,-0.25181,-0.24954,-0.24716,-0.24466,-0.24204,-0.2393,-0.23645,-0.23348,-0.2304,-0.2272,-0.22389,-0.22046,-0.21692,-0.21327,-0.20951,-0.20564,-0.20166,-0.19757,-0.19337,-0.18907,-0.18466,-0.18014,-0.17553,-0.17081,-0.16599,-0.16107,-0.15605,-0.15093,-0.14571,-0.1404,-0.135,-0.1295,-0.12391,-0.11822,-0.11245,-0.10659,-0.10065,-0.094614,-0.088497,-0.082299,-0.076018,-0.069658,-0.06322,-0.056705,-0.050114,-0.043449,-0.036712,-0.029904,-0.023027,-0.016082,-0.0090716,-0.0019964,0.0051417,0.012341,0.0196,0.026916,0.034289,0.041716,0.049196,0.056726,0.064306,0.071934,0.079607,0.087324,0.095083,0.10288,0.11072,0.11859,0.1265,0.13445,0.14242,0.15042,0.15845,0.16651,0.17459,0.18269,0.19081,0.19895,0.2071,0.21527,0.22346,0.23165,0.23985,0.24805,0.25627,0.26448,0.2727,0.28091,0.28912,0.29733,0.30553,0.31372,0.32189,0.33006,0.33821,0.34635,0.35446,0.36256,0.37064,0.37869,0.38671,0.39471,0.40267,0.41061,0.41851,0.42637,0.4342,0.44199,0.44974,0.45744,0.4651,0.47271,0.48028,0.4878,0.49526,0.50267,0.51002,0.51732,0.52456,0.53173,0.53885,0.5459,0.55289,0.5598,0.56665,0.57343,0.58014,0.58677,0.59332,0.5998,0.6062,0.61252,0.61876,0.62492,0.63099,0.63697,0.64287,0.64867,0.65439,0.66002,0.66555,0.67098,0.67632,0.68157,0.68671,0.69176,0.6967,0.70154,0.70628,0.71092,0.71544,0.71986,0.72418,0.72838,0.73247,0.73645,0.74032,0.74408,0.74772,0.75124,0.75465,0.75795,0.76112,0.76418,0.76712,0.76993,0.77263,0.7752,0.77765,0.77998,0.78218,0.78426,0.78622,0.78804,0.78974,0.79132,0.79277,0.79409,0.79528,0.79634,0.79728,0.79808,0.79876,0.7993,0.79972,0.8,0.80015,0.80018,0.80007,0.79983,0.79946,0.79895,0.79832,0.79755,0.79666,0.79563,0.79447,0.79318,0.79176,0.7902,0.78852,0.7867,0.78476,0.78268,0.78048,0.77814,0.77568,0.77309,0.77037,0.76752,0.76454,0.76143,0.7582,0.75485,0.75136,0.74776,0.74402,0.74017,0.73619,0.73209,0.72786,0.72352,0.71905,0.71447,0.70977,0.70494,0.70001,0.69495,0.68978,0.6845,0.6791,0.67359,0.66797,0.66224,0.6564,0.65045,0.64439,0.63823,0.63196,0.62559,0.61911,0.61253,0.60586,0.59908,0.5922,0.58523,0.57817,0.571,0.56375,0.5564,0.54897,0.54144,0.53383,0.52613,0.51835,0.51048,0.50253,0.4945,0.48639,0.47821,0.46995,0.46161,0.4532,0.44472,0.43617,0.42755,0.41886,0.41011,0.4013,0.39242,0.38348,0.37448,0.36543,0.35632,0.34716,0.33794,0.32868,0.31936,0.31,0.30059,0.29113,0.28164,0.2721,0.26253,0.25292,0.24327,0.23359,0.22387,0.21413,0.20436,0.19456,0.18473,0.17488,0.16501,0.15512,0.14521,0.13529,0.12535,0.11539,0.10543,0.095452,0.085469,0.075478,0.065483,0.055485,0.045486,0.035487,0.02549,0.015496,0.0055079,-0.0044733,-0.014446,-0.024408,-0.034358,-0.044295,-0.054216,-0.064121,-0.074007,-0.083873,-0.093718,-0.10354,-0.11334,-0.12311,-0.13285,-0.14256,-0.15224,-0.16189,-0.17151,-0.18109,-0.19063,-0.20014,-0.2096,-0.21902,-0.2284,-0.23774,-0.24703,-0.25628,-0.26547,-0.27462,-0.28371,-0.29276,-0.30175,-0.31068,-0.31956,-0.32838,-0.33714,-0.34585,-0.35449,-0.36307,-0.37159,-0.38004,-0.38842,-0.39674,-0.405,-0.41318,-0.42129,-0.42934,-0.43731,-0.4452,-0.45303,-0.46078,-0.46845,-0.47605,-0.48357,-0.49101,-0.49837,-0.50566,-0.51286,-0.51998,-0.52702,-0.53397,-0.54084,-0.54763,-0.55433,-0.56095,-0.56748,-0.57392,-0.58028,-0.58655,-0.59273,-0.59882,-0.60482,-0.61073,-0.61656,-0.62229,-0.62793,-0.63348,-0.63893,-0.6443,-0.64957,-0.65475,-0.65984,-0.66484,-0.66974,-0.67454,-0.67926,-0.68388,-0.68841,-0.69284,-0.69718,-0.70143,-0.70558,-0.70964,-0.7136,-0.71748,-0.72125,-0.72494,-0.72853,-0.73202,-0.73543,-0.73874,-0.74196,-0.74509,-0.74812,-0.75106,-0.75392,-0.75668,-0.75935,-0.76192,-0.76441,-0.76681,-0.76912,-0.77135,-0.77348,-0.77552,-0.77748,-0.77935,-0.78114,-0.78284,-0.78446,-0.78599,-0.78743,-0.7888,-0.79008,-0.79128,-0.7924,-0.79344,-0.7944,-0.79528,-0.79608,-0.79681,-0.79746,-0.79803,-0.79853,-0.79895,-0.7993,-0.79958,-0.79979,-0.79993,-0.8,-0.8,-0.79993,-0.7998,-0.7996,-0.79934,-0.79901,-0.79862,-0.79817,-0.79765,-0.79708,-0.79645,-0.79576,-0.79502,-0.79422,-0.79337,-0.79246,-0.7915,-0.79049,-0.78944,-0.78833,-0.78717,-0.78597,-0.78473,-0.78344,-0.78211,-0.78073,-0.77932,-0.77786,-0.77637,-0.77484,-0.77328,-0.77168,-0.77005,-0.76838,-0.76669,-0.76496,-0.76321,-0.76143,-0.75962,-0.75779,-0.75593,-0.75405,-0.75215,-0.75023,-0.74829,-0.74634,-0.74437,-0.74238,-0.74037,-0.73836,-0.73633,-0.7343,-0.73225,-0.73019,-0.72813,-0.72606,-0.72399,-0.72191,-0.71983,-0.71775,-0.71567,-0.71359,-0.71152,-0.70944,-0.70737,-0.7053,-0.70325,-0.70119,-0.69915,-0.69712,-0.6951,-0.69308,-0.69109,-0.6891,-0.68713,-0.68518,-0.68324,-0.68132,-0.67942,-0.67753,-0.67567,-0.67383,-0.67201,-0.67022,-0.66844,-0.6667,-0.66498,-0.66328,-0.66161,-0.65997,-0.65836,-0.65678,-0.65523,-0.65371,-0.65222,-0.65076,-0.64934,-0.64795,-0.64659,-0.64527,-0.64399,-0.64274,-0.64153,-0.64035,-0.63922,-0.63812,-0.63706,-0.63604,-0.63506,-0.63412,-0.63322,-0.63237,-0.63155,-0.63078,-0.63004,-0.62935,-0.62871,-0.62811,-0.62755,-0.62703,-0.62656,-0.62613,-0.62574,-0.62541,-0.62511,-0.62486,-0.62466,-0.6245,-0.62438,-0.62431,-0.62429,-0.62431,-0.62437,-0.62448,-0.62464,-0.62484,-0.62508,-0.62537,-0.62571,-0.62609,-0.62651,-0.62698,-0.62749,-0.62804,-0.62864,-0.62929,-0.62997,-0.6307,-0.63147,-0.63228,-0.63313,-0.63402,-0.63496,-0.63593,-0.63695,-0.638,-0.63909,-0.64022,-0.64139,-0.6426,-0.64384,-0.64512,-0.64644,-0.64778,-0.64917,-0.65059,-0.65204,-0.65352,-0.65503,-0.65658,-0.65816,-0.65976,-0.6614,-0.66306,-0.66475,-0.66646,-0.6682,-0.66997,-0.67176,-0.67357,-0.67541,-0.67726,-0.67914,-0.68103,-0.68295,-0.68488,-0.68683,-0.68879,-0.69077,-0.69276,-0.69477,-0.69678,-0.69881,-0.70085,-0.70289,-0.70495,-0.70701,-0.70907,-0.71114,-0.71321,-0.71529,-0.71736,-0.71944,-0.72151,-0.72358,-0.72565,-0.72772,-0.72978,-0.73183,-0.73387,-0.7359,-0.73793,-0.73994,-0.74194,-0.74393,-0.7459,-0.74785,-0.74979,-0.75171,-0.75361,-0.75548,-0.75734,-0.75917,-0.76098,-0.76276,-0.76452,-0.76625,-0.76795,-0.76961,-0.77125,-0.77285,-0.77442,-0.77596,-0.77746,-0.77892,-0.78034,-0.78172,-0.78307,-0.78437,-0.78562,-0.78684,-0.788,-0.78912,-0.7902,-0.79122,-0.79219,-0.79312,-0.79399,-0.79481,-0.79557,-0.79628,-0.79693,-0.79753,-0.79806,-0.79854,-0.79896,-0.79931,-0.7996,-0.79983,-0.8,-0.8001,-0.80013,-0.8001,-0.8,-0.79983,-0.79959,-0.79928,-0.7989,-0.79844,-0.79792,-0.79732,-0.79664,-0.79589,-0.79506,-0.79416,-0.79317,-0.79211,-0.79097,-0.78975,-0.78845,-0.78707,-0.78561,-0.78406,-0.78243,-0.78072,-0.77893,-0.77705,-0.77508,-0.77303,-0.77089,-0.76867,-0.76636,-0.76397,-0.76148,-0.75891,-0.75625,-0.7535,-0.75066,-0.74773,-0.74472,-0.74161,-0.73841,-0.73513,-0.73175,-0.72828,-0.72472,-0.72108,-0.71734,-0.71351,-0.70959,-0.70558,-0.70147,-0.69728,-0.693,-0.68862,-0.68416,-0.67961,-0.67496,-0.67023,-0.6654,-0.66049,-0.65548,-0.65039,-0.64521,-0.63994,-0.63458,-0.62914,-0.6236,-0.61798,-0.61228,-0.60649,-0.60061,-0.59464,-0.5886,-0.58247,-0.57625,-0.56995,-0.56357,-0.55711,-0.55057,-0.54395,-0.53724,-0.53046,-0.5236,-0.51667,-0.50966,-0.50257,-0.49541,-0.48817,-0.48086,-0.47348,-0.46602,-0.4585,-0.45091,-0.44325,-0.43552,-0.42773,-0.41987,-0.41194,-0.40396,-0.39591,-0.3878,-0.37963,-0.3714,-0.36312,-0.35478,-0.34638,-0.33793,-0.32943,-0.32088,-0.31227,-0.30362,-0.29492,-0.28618,-0.27739,-0.26856,-0.25969,-0.25077,-0.24182,-0.23283,-0.22381,-0.21474,-0.20565,-0.19653,-0.18737,-0.17819,-0.16897
0.04043,0.039288,0.038162,0.037051,0.035957,0.034878,0.033817,0.032772,0.031743,0.030732,0.029738,0.028761,0.027802,0.026861,0.025938,0.025033,0.024146,0.023278,0.022428,0.021597,0.020785,0.019991,0.019218,0.018463,0.017728,0.017012,0.016317,0.015641,0.014985,0.014349,0.013733,0.013138,0.012563,0.012008,0.011474,0.010961,0.010468,0.0099964,0.0095455,0.0091155,0.0087065,0.0083187,0.0079519,0.0076063,0.007282,0.0069789,0.0066972,0.0064368,0.0061977,0.00598,0.0057838,0.005609,0.0054556,0.0053236,0.0052131,0.0051241,0.0050564,0.0050102,0.0049855,0.004982,0.005,0.0050393,0.0050999,0.0051817,0.0052848,0.005409,0.0055544,0.0057208,0.0059083,0.0061166,0.0063459,0.006596,0.0068668,0.0071582,0.0074702,0.0078027,0.0081556,0.0085288,0.0089221,0.0093355,0.009769,0.010222,0.010695,0.011188,0.0117,0.012232,0.012782,0.013352,0.013941,0.014549,0.015175,0.01582,0.016483,0.017165,0.017865,0.018582,0.019317,0.02007,0.02084,0.021628,0.022432,0.023254,0.024092,0.024946,0.025817,0.026704,0.027607,0.028525,0.029459,0.030409,0.031373,0.032352,0.033346,0.034355,0.035377,0.036414,0.037465,0.038529,0.039606,0.040696,0.0418,0.042916,0.044044,0.045185,0.046337,0.047501,0.048677,0.049864,0.051062,0.05227,0.053489,0.054718,0.055958,0.057206,0.058465,0.059732,0.061009,0.062294,0.063587,0.064889,0.066199,0.067516,0.068841,0.070172,0.071511,0.072856,0.074207,0.075565,0.076928,0.078297,0.079671,0.08105,0.082434,0.083822,0.085214,0.086611,0.088011,0.089414,0.09082,0.09223,0.093642,0.095056,0.096472,0.09789,0.099309,0.10073,0.10215,0.10357,0.105,0.10642,0.10784,0.10927,0.11069,0.11211,0.11353,0.11495,0.11637,0.11778,0.11919,0.12061,0.12201,0.12342,0.12482,0.12622,0.12762,0.12901,0.1304,0.13178,0.13316,0.13453,0.1359,0.13726,0.13862,0.13998,0.14132,0.14266,0.144,0.14532,0.14665,0.14796,0.14927,0.15057,0.15186,0.15314,0.15442,0.15569,0.15695,0.1582,0.15944,0.16067,0.1619,0.16311,0.16432,0.16551,0.1667,0.16787,0.16904,0.1702,0.17134,0.17247,0.1736,0.17471,0.17581,0.1769,0.17798,0.17905,0.1801,0.18115,0.18218,0.1832,0.18421,0.1852,0.18619,0.18716,0.18812,0.18906,0.19,0.19092,0.19182,0.19272,0.1936,0.19447,0.19532,0.19616,0.19699,0.1978,0.1986,0.19939,0.20016,0.20092,0.20167,0.2024,0.20312,0.20382,0.20451,0.20519,0.20585,0.2065,0.20713,0.20775,0.20835,0.20895,0.20952,0.21009,0.21064,0.21117,0.21169,0.2122,0.21269,0.21317,0.21363,0.21408,0.21452,0.21494,0.21535,0.21575,0.21613,0.21649,0.21685,0.21718,0.21751,0.21782,0.21812,0.21841,0.21868,0.21893,0.21918,0.21941,0.21963,0.21983,0.22003,0.22021,0.22037,0.22053,0.22067,0.22079,0.22091,0.22101,0.22111,0.22118,0.22125,0.22131,0.22135,0.22138,0.2214,0.22141,0.22141,0.2214,0.22137,0.22134,0.22129,0.22123,0.22116,0.22109,0.221,0.2209,0.22079,0.22067,0.22055,0.22041,0.22026,0.22011,0.21994,0.21977,0.21958,0.21939,0.21919,0.21899,0.21877,0.21855,0.21831,0.21807,0.21783,0.21757,0.21731,0.21705,0.21677,0.21649,0.2162,0.21591,0.21561,0.2153,0.21499,0.21467,0.21435,0.21402,0.21369,0.21336,0.21301,0.21267,0.21232,0.21196,0.2116,0.21124,0.21088,0.21051,0.21013,0.20976,0.20938,0.209,0.20862,0.20823,0.20784,0.20745,0.20706,0.20667,0.20628,0.20588,0.20548,0.20509,0.20469,0.20429,0.20389,0.20349,0.20309,0.20269,0.2023,0.2019,0.2015,0.2011,0.20071,0.20031,0.19992,0.19953,0.19914,0.19875,0.19836,0.19798,0.1976,0.19722,0.19684,0.19646,0.19609,0.19572,0.19536,0.195,0.19464,0.19428,0.19393,0.19358,0.19324,0.1929,0.19256,0.19223,0.1919,0.19158,0.19126,0.19095,0.19064,0.19033,0.19004,0.18974,0.18945,0.18917,0.18889,0.18862,0.18836,0.1881,0.18784,0.18759,0.18735,0.18711,0.18688,0.18666,0.18644,0.18623,0.18603,0.18583,0.18564,0.18545,0.18527,0.1851,0.18494,0.18478,0.18463,0.18449,0.18435,0.18422,0.18409,0.18398,0.18387,0.18377,0.18367,0.18359,0.18351,0.18343,0.18337,0.18331,0.18326,0.18321,0.18318,0.18315,0.18312,0.18311,0.1831,0.1831,0.18311,0.18312,0.18314,0.18317,0.1832,0.18325,0.18329,0.18335,0.18341,0.18348,0.18356,0.18364,0.18373,0.18383,0.18393,0.18404,0.18416,0.18428,0.18441,0.18455,0.18469,0.18484,0.18499,0.18515,0.18532,0.18549,0.18567,0.18586,0.18605,0.18624,0.18644,0.18665,0.18686,0.18708,0.1873,0.18752,0.18775,0.18799,0.18823,0.18848,0.18873,0.18898,0.18924,0.1895,0.18977,0.19004,0.19031,0.19059,0.19087,0.19115,0.19144,0.19173,0.19202,0.19232,0.19262,0.19292,0.19323,0.19353,0.19384,0.19415,0.19446,0.19478,0.19509,0.19541,0.19573,0.19604,0.19636,0.19669,0.19701,0.19733,0.19765,0.19797,0.1983,0.19862,0.19894,0.19926,0.19959,0.19991,0.20023,0.20055,0.20086,0.20118,0.20149,0.20181,0.20212,0.20243,0.20274,0.20304,0.20335,0.20365,0.20394,0.20424,0.20453,0.20482,0.2051,0.20539,0.20566,0.20594,0.20621,0.20648,0.20674,0.207,0.20725,0.2075,0.20774,0.20798,0.20822,0.20844,0.20867,0.20889,0.2091,0.2093,0.20951,0.2097,0.20989,0.21007,0.21025,0.21041,0.21058,0.21073,0.21088,0.21102,0.21116,0.21128,0.2114,0.21151,0.21162,0.21171,0.2118,0.21188,0.21196,0.21202,0.21207,0.21212,0.21216,0.21219,0.21221,0.21222,0.21223,0.21222,0.21221,0.21219,0.21215,0.21211,0.21206,0.212,0.21193,0.21185,0.21176,0.21166,0.21155,0.21143,0.2113,0.21116,0.21101,0.21085,0.21068,0.2105,0.21031,0.21011,0.2099,0.20968,0.20945,0.20921,0.20896,0.20869,0.20842,0.20814,0.20784,0.20754,0.20722,0.2069,0.20656,0.20621,0.20586,0.20549,0.20511,0.20472,0.20432,0.20391,0.20349,0.20306,0.20262,0.20217,0.20171,0.20124,0.20075,0.20026,0.19976,0.19924,0.19872,0.19819,0.19764,0.19709,0.19653,0.19595,0.19537,0.19478,0.19418,0.19356,0.19294,0.19231,0.19167,0.19102,0.19036,0.1897,0.18902,0.18833,0.18764,0.18693,0.18622,0.1855,0.18477,0.18403,0.18329,0.18254,0.18177,0.181,0.18023,0.17944,0.17865,0.17785,0.17704,0.17623,0.1754,0.17458,0.17374,0.1729,0.17205,0.1712,0.17034,0.16947,0.1686,0.16772,0.16683,0.16594,0.16505,0.16415,0.16324,0.16233,0.16142,0.1605,0.15958,0.15865,0.15772,0.15678,0.15584,0.1549,0.15395,0.153,0.15205,0.1511,0.15014,0.14918,0.14822,0.14725,0.14629,0.14532,0.14435,0.14338,0.1424,0.14143,0.14046,0.13948,0.13851,0.13753,0.13655,0.13558,0.1346,0.13363,0.13265,0.13168,0.13071,0.12973,0.12876,0.12779,0.12683,0.12586,0.1249,0.12394,0.12298,0.12203,0.12107,0.12012,0.11918,0.11823,0.11729,0.11636,0.11543,0.1145,0.11358,0.11266,0.11174,0.11083,0.10993,0.10903,0.10814,0.10725,0.10637,0.10549,0.10462,0.10376,0.1029,0.10205,0.1012,0.10036,0.099534,0.098711,0.097895,0.097087,0.096286,0.095493,0.094709,0.093932,0.093164,0.092404,0.091653,0.090911,0.090177,0.089453,0.088738,0.088032,0.087335,0.086649,0.085971,0.085304,0.084647,0.084,0.083363,0.082736,0.08212,0.081514,0.080919,0.080335,0.079762,0.0792,0.078648,0.078109,0.07758,0.077063,0.076557,0.076063,0.075581,0.07511,0.074651,0.074204,0.073769,0.073347,0.072936,0.072538,0.072152,0.071778,0.071416,0.071067,0.070731,0.070407,0.070096,0.069798,0.069512,0.069239,0.068978,0.068731,0.068496,0.068275,0.068066,0.06787,0.067687,0.067517,0.06736,0.067216,0.067085,0.066967,0.066862,0.06677,0.066691,0.066625,0.066572,0.066532,0.066505,0.06649,0.066489,0.066501,0.066525,0.066562,0.066612,0.066675,0.066751,0.066839,0.066939,0.067053,0.067179,0.067317,0.067468,0.067631,0.067806,0.067994,0.068193,0.068405,0.068629,0.068865,0.069112,0.069371,0.069642,0.069925,0.070219,0.070524,0.070841,0.071169,0.071508,0.071858,0.072219,0.072591,0.072973,0.073366,0.073769,0.074183,0.074607,0.075041,0.075485,0.075939,0.076402,0.076875,0.077357,0.077849,0.07835,0.07886,0.079379,0.079906,0.080442,0.080986,0.081539,0.0821,0.082669,0.083246,0.08383,0.084422,0.085021,0.085627,0.086241,0.086861,0.087488,0.088121,0.088761,0.089407,0.090059,0.090716,0.09138,0.092049,0.092723,0.093402,0.094086,0.094775,0.095469,0.096167,0.096869,0.097575,0.098285,0.098999,0.099716,0.10044,0.10116,0.10189,0.10262,0.10335,0.10408,0.10482,0.10556,0.1063,0.10704,0.10778,0.10853,0.10927,0.11002,0.11077,0.11151,0.11226,0.11301,0.11376,0.1145,0.11525,0.116,0.11674,0.11749,0.11823,0.11897,0.11971,0.12045,0.12119,0.12192,0.12265,0.12338,0.12411,0.12483,0.12555,0.12627,0.12699,0.1277,0.1284,0.12911,0.12981,0.1305,0.13119,0.13188,0.13256,0.13323,0.13391,0.13457,0.13523,0.13589,0.13654,0.13718,0.13782,0.13845,0.13907,0.13969,0.1403,0.14091,0.14151,0.1421,0.14268,0.14326,0.14383,0.14439,0.14495,0.14549,0.14603,0.14656,0.14709,0.1476,0.14811,0.14861,0.14909,0.14958,0.15005,0.15051,0.15096,0.15141,0.15184,0.15227,0.15269,0.1531,0.15349,0.15388,0.15426,0.15463,0.15499,0.15534,0.15568,0.15601,0.15633,0.15664,0.15694,0.15723,0.15751,0.15777,0.15803,0.15828,0.15852,0.15875,0.15896,0.15917,0.15937,0.15955,0.15973,0.15989,0.16004,0.16019,0.16032,0.16044,0.16055,0.16065,0.16074,0.16082,0.16089,0.16095,0.161,0.16104,0.16107,0.16108,0.16109,0.16109,0.16107,0.16105,0.16101,0.16097,0.16092,0.16085,0.16078,0.16069,0.1606,0.16049,0.16038,0.16026,0.16012,0.15998,0.15983,0.15967,0.1595,0.15932,0.15913,0.15893,0.15873,0.15851,0.15829,0.15805,0.15781,0.15756,0.1573,0.15704,0.15676,0.15648,0.15619,0.1559,0.15559,0.15528,0.15496,0.15463,0.1543,0.15396,0.15361,0.15326,0.1529,0.15253,0.15216,0.15178,0.1514,0.151,0.15061,0.15021,0.1498,0.14939,0.14897,0.14855,0.14813,0.1477,0.14726,0.14682,0.14638,0.14594,0.14549,0.14503,0.14458,0.14412,0.14365,0.14319,0.14272,0.14225,0.14178,0.14131,0.14083,0.14035,0.13988,0.1394,0.13891,0.13843,0.13795,0.13747,0.13698,0.1365,0.13602,0.13553,0.13505,0.13457,0.13409,0.13361,0.13313,0.13265,0.13218,0.1317,0.13123,0.13076,0.13029,0.12983,0.12936,0.1289,0.12845,0.12799,0.12754,0.1271,0.12665,0.12622,0.12578,0.12535,0.12493,0.1245,0.12409,0.12368,0.12327,0.12287,0.12248,0.12209,0.1217,0.12133,0.12095,0.12059,0.12023,0.11988,0.11954,0.1192,0.11887,0.11855,0.11823,0.11792,0.11762,0.11733,0.11705,0.11677,0.1165,0.11624,0.11599,0.11575,0.11552,0.11529,0.11508,0.11487,0.11468,0.11449,0.11432,0.11415,0.11399,0.11384,0.11371,0.11358,0.11346,0.11336,0.11326,0.11318,0.1131,0.11304,0.11299,0.11294,0.11291,0.11289,0.11288,0.11289,0.1129,0.11292,0.11296,0.11301,0.11307,0.11314,0.11322,0.11332,0.11342,0.11354,0.11367,0.11381,0.11396,0.11413,0.1143,0.11449,0.11469,0.1149,0.11513,0.11536,0.11561,0.11587,0.11614,0.11643,0.11672,0.11703,0.11735,0.11768,0.11802,0.11838,0.11874,0.11912,0.11951,0.11991,0.12033,0.12075,0.12119,0.12163,0.12209,0.12256,0.12305,0.12354,0.12404,0.12456,0.12508,0.12562,0.12616,0.12672,0.12729,0.12787,0.12846,0.12906,0.12967,0.13029,0.13092,0.13156,0.1322,0.13286,0.13353,0.13421,0.13489,0.13559,0.13629,0.13701,0.13773,0.13846,0.1392,0.13995,0.1407,0.14146,0.14223,0.14301,0.1438,0.14459,0.14539,0.1462,0.14701,0.14783,0.14866,0.14949,0.15033,0.15117,0.15202,0.15288,0.15374,0.1546,0.15547,0.15635,0.15723,0.15811,0.159,0.15989,0.16079,0.16168,0.16259,0.16349,0.1644,0.16531,0.16622,0.16713,0.16805,0.16897,0.16989,0.17081,0.17173,0.17265,0.17357,0.17449,0.17542,0.17634,0.17726,0.17818,0.1791,0.18002,0.18094,0.18186,0.18277,0.18369,0.1846,0.1855,0.18641,0.18731,0.18821,0.18911,0.19,0.19088,0.19177,0.19265,0.19352,0.19439,0.19525,0.19611,0.19697,0.19781,0.19865,0.19949,0.20032,0.20114,0.20195,0.20276,0.20356,0.20435,0.20513,0.20591,0.20668,0.20744,0.20819,0.20893,0.20966,0.21038,0.21109,0.21179,0.21248,0.21317,0.21384,0.2145,0.21515,0.21578,0.21641,0.21702,0.21763,0.21822,0.2188,0.21936,0.21992,0.22046,0.22098,0.2215,0.222,0.22249,0.22296,0.22342,0.22387,0.2243,0.22471,0.22512,0.2255,0.22588,0.22624,0.22658,0.2269,0.22722,0.22751,0.22779,0.22806,0.22831,0.22854,0.22875,0.22895,0.22914,0.2293,0.22945,0.22958,0.2297,0.2298,0.22988,0.22994,0.22999,0.23002,0.23003,0.23002,0.23,0.22996,0.2299,0.22982,0.22973,0.22961,0.22948,0.22933,0.22916,0.22898,0.22877,0.22855,0.22831,0.22805,0.22777,0.22748,0.22716,0.22683,0.22648,0.22611,0.22572,0.22531,0.22489,0.22444,0.22398,0.2235,0.223,0.22248,0.22195,0.2214,0.22082,0.22024,0.21963,0.219,0.21836,0.2177,0.21702,0.21632,0.21561,0.21487,0.21412,0.21336,0.21257,0.21177,0.21095,0.21011,0.20926,0.20839,0.20751,0.2066,0.20568,0.20475,0.2038,0.20283,0.20185,0.20085,0.19983,0.1988,0.19776,0.1967,0.19562,0.19453,0.19343,0.19231,0.19117,0.19003,0.18886,0.18769,0.1865,0.1853,0.18408,0.18286,0.18161,0.18036,0.1791,0.17782,0.17653,0.17523,0.17392,0.17259,0.17126,0.16991,0.16856,0.16719,0.16582,0.16443,0.16304,0.16163,0.16022,0.1588,0.15737,0.15593,0.15449,0.15303,0.15157,0.1501,0.14863,0.14714,0.14566,0.14416,0.14266,0.14116,0.13965,0.13813,0.13661,0.13509,0.13356,0.13203,0.13049,0.12895,0.12741,0.12586,0.12432,0.12277,0.12122,0.11967,0.11811,0.11656,0.11501,0.11345,0.1119,0.11034,0.10879,0.10724,0.10569,0.10414,0.10259,0.10105,0.099506,0.097966,0.09643,0.094897,0.093368,0.091844,0.090323,0.088808,0.087297,0.085792,0.084292,0.082798,0.08131,0.079829,0.078355,0.076888,0.075428,0.073976,0.072532,0.071096,0.069669,0.06825,0.066841,0.065441,0.064052,0.062672,0.061302,0.059943,0.058595,0.057258,0.055932,0.054619,0.053317,0.052027,0.05075,0.049486,0.048235,0.046997,0.045772,0.044562,0.043365,0.042183,0.041016,0.039863,0.038725,0.037603,0.036496,0.035405,0.03433,0.033271,0.032229,0.031203,0.030194,0.029202,0.028228,0.027271,0.026332,0.025411,0.024508,0.023623,0.022757,0.02191,0.021081,0.020272,0.019481,0.018711,0.017959,0.017228,0.016516,0.015825,0.015154,0.014503,0.013872,0.013263,0.012674,0.012106,0.011559,0.011033,0.010529,0.010046,0.009584,0.009144,0.0087258,0.0083294,0.0079549,0.0076024,0.0072719,0.0069637,0.0066776,0.0064139,0.0061725,0.0059536,0.0057572,0.0055832,0.0054319,0.0053032,0.0051971,0.0051137,0.0050531,0.0050152,0.005,0.0050076,0.005038,0.0050912,0.0051671,0.0052658,0.0053873,0.0055315,0.0056985,0.0058881,0.0061005,0.0063354,0.006593,0.0068731,0.0071757,0.0075008,0.0078482,0.008218,0.0086101,0.0090243,0.0094606,0.009919,0.010399,0.010901,0.011425,0.011971,0.012538,0.013126,0.013736,0.014367,0.015019,0.015693,0.016386,0.017101,0.017836,0.018592,0.019367,0.020163,0.020979,0.021814,0.022669,0.023544,0.024438,0.02535,0.026282,0.027233,0.028202,0.029189,0.030194,0.031217,0.032258,0.033317,0.034392,0.035485,0.036594,0.03772,0.038863,0.040022,0.041196,0.042386,0.043592,0.044812,0.046048,0.047298,0.048563,0.049842,0.051135,0.052441,0.05376,0.055093,0.056439,0.057797,0.059167,0.060549,0.061943,0.063348,0.064764,0.066191,0.067629,0.069077,0.070534,0.072002,0.073478,0.074964,0.076458,0.07796,0.079471,0.080989,0.082515,0.084047,0.085587,0.087133,0.088685,0.090243,0.091807,0.093375,0.094949,0.096526,0.098108,0.099694,0.10128,0.10288,0.10447,0.10607,0.10767,0.10927,0.11088,0.11248,0.11409,0.11569,0.1173,0.1189,0.12051,0.12211,0.12372,0.12532,0.12692,0.12852,0.13011,0.1317,0.13329,0.13488,0.13646,0.13804,0.13961,0.14118,0.14274,0.1443,0.14585,0.1474,0.14894,0.15047,0.15199,0.15351,0.15502,0.15652,0.15802,0.1595,0.16097,0.16244,0.1639,0.16534,0.16678,0.16821,0.16962,0.17102,0.17242,0.1738,0.17517,0.17652,0.17786,0.1792,0.18051,0.18182,0.18311,0.18438,0.18564,0.18689,0.18812,0.18934,0.19054,0.19173,0.1929,0.19406,0.1952,0.19632,0.19742,0.19851,0.19958,0.20064,0.20167,0.20269,0.20369,0.20467,0.20563,0.20658,0.2075,0.20841,0.2093,0.21016,0.21101,0.21184,0.21265,0.21344,0.2142,0.21495,0.21568,0.21638,0.21707,0.21773,0.21837,0.21899,0.21959,0.22017,0.22073,0.22126,0.22177,0.22226,0.22273,0.22318,0.2236,0.224,0.22438,0.22473,0.22507,0.22538,0.22566,0.22593,0.22617,0.22639,0.22658,0.22676,0.22691,0.22703,0.22714,0.22722,0.22727,0.22731,0.22732,0.22731,0.22727,0.22721,0.22713,0.22702,0.2269,0.22675,0.22657,0.22637,0.22615,0.22591,0.22564,0.22536,0.22504,0.22471,0.22435,0.22397,0.22357,0.22315,0.2227,0.22223,0.22174,0.22123,0.2207,0.22014,0.21957,0.21897,0.21835,0.21771,0.21704,0.21636,0.21566,0.21493,0.21419,0.21342,0.21264,0.21183,0.21101,0.21016,0.2093,0.20841,0.20751,0.20659,0.20565,0.20469,0.20372,0.20272,0.20171,0.20068,0.19963,0.19857,0.19749,0.19639,0.19527,0.19414,0.19299,0.19183,0.19065,0.18946,0.18825,0.18703,0.18579,0.18454,0.18327,0.18199,0.1807,0.17939,0.17807,0.17674,0.1754,0.17404,0.17267,0.17129,0.1699,0.1685,0.16709,0.16567,0.16423,0.16279,0.16134,0.15988,0.15841,0.15693,0.15544,0.15395,0.15245,0.15094,0.14942,0.1479,0.14637,0.14484,0.1433,0.14175,0.1402,0.13864,0.13709,0.13552,0.13395,0.13238,0.13081,0.12923,0.12765,0.12607,0.12449,0.1229,0.12132,0.11973,0.11814,0.11656,0.11497,0.11338,0.1118,0.11021,0.10863,0.10705,0.10547,0.10389,0.10232,0.10075,0.099178,0.097615,0.096055,0.0945,0.092949,0.091403,0.089863,0.088328,0.086799,0.085276,0.08376,0.082251,0.080749,0.079254,0.077767,0.076289,0.074818,0.073356,0.071903,0.07046,0.069025,0.067601,0.066187,0.064783,0.063389,0.062007,0.060636,0.059276,0.057928,0.056592,0.055268,0.053957,0.052658,0.051373,0.050101,0.048842,0.047597,0.046366,0.045149,0.043947,0.04276,0.041587,0.04043,0.039288,0.038162,0.037051,0.035957,0.034878,0.033817,0.032772,0.031743,0.030732,0.029738,0.028761,0.027802,0.026861,0.025938,0.025033,0.024146,0.023278,0.022428,0.021597,0.020785,0.019991,0.019218,0.018463,0.017728,0.017012,0.016317,0.015641,0.014985,0.014349,0.013733,0.013138,0.012563,0.012008,0.011474,0.010961,0.010468,0.0099964,0.0095455,0.0091155,0.0087065,0.0083187,0.0079519,0.0076063,0.007282,0.0069789,0.0066972,0.0064368,0.0061977,0.00598,0.0057838,0.005609,0.0054556,0.0053236,0.0052131,0.0051241,0.0050564,0.0050102,0.0049855,0.004982,0.005,0.0050393,0.0050999,0.0051817,0.0052848,0.005409,0.0055544,0.0057208,0.0059083,0.0061166,0.0063459,0.006596,0.0068668,0.0071582,0.0074702,0.0078027,0.0081556,0.0085288,0.0089221,0.0093355,0.009769,0.010222,0.010695,0.011188,0.0117,0.012232,0.012782,0.013352,0.013941,0.014549,0.015175,0.01582,0.016483,0.017165,0.017865,0.018582,0.019317,0.02007,0.02084,0.021628,0.022432,0.023254,0.024092,0.024946,0.025817,0.026704,0.027607,0.028525,0.029459,0.030409,0.031373,0.032352,0.033346,0.034355,0.035377,0.036414,0.037465,0.038529,0.039606,0.040696,0.0418,0.042916,0.044044,0.045185,0.046337,0.047501,0.048677,0.049864,0.051062,0.05227,0.053489,0.054718,0.055958,0.057206,0.058465,0.059732,0.061009,0.062294,0.063587,0.064889,0.066199,0.067516,0.068841,0.070172,0.071511,0.072856,0.074207,0.075565,0.076928,0.078297,0.079671,0.08105,0.082434,0.083822,0.085214,0.086611,0.088011,0.089414,0.09082,0.09223,0.093642,0.095056,0.096472,0.09789,0.099309,0.10073,0.10215,0.10357,0.105,0.10642,0.10784,0.10927,0.11069,0.11211,0.11353,0.11495,0.11637,0.11778,0.11919,0.12061,0.12201,0.12342,0.12482,0.12622,0.12762,0.12901,0.1304,0.13178,0.13316,0.13453,0.1359,0.13726,0.13862,0.13998,0.14132,0.14266,0.144,0.14532,0.14665,0.14796,0.14927,0.15057,0.15186,0.15314,0.15442,0.15569,0.15695,0.1582,0.15944,0.16067,0.1619,0.16311,0.16432,0.16551,0.1667,0.16787,0.16904,0.1702,0.17134,0.17247,0.1736,0.17471,0.17581,0.1769,0.17798,0.17905,0.1801,0.18115,0.18218,0.1832,0.18421,0.1852,0.18619,0.18716,0.18812,0.18906,0.19,0.19092,0.19182,0.19272,0.1936,0.19447,0.19532,0.19616,0.19699,0.1978,0.1986,0.19939,0.20016,0.20092,0.20167,0.2024,0.20312,0.20382,0.20451,0.20519,0.20585,0.2065,0.20713,0.20775,0.20835,0.20895,0.20952,0.21009,0.21064,0.21117,0.21169,0.2122,0.21269,0.21317,0.21363,0.21408,0.21452,0.21494,0.21535,0.21575,0.21613,0.21649,0.21685,0.21718,0.21751,0.21782,0.21812,0.21841,0.21868,0.21893,0.21918,0.21941,0.21963,0.21983,0.22003,0.22021,0.22037,0.22053,0.22067,0.22079,0.22091,0.22101,0.22111,0.22118,0.22125,0.22131,0.22135,0.22138,0.2214,0.22141,0.22141,0.2214,0.22137,0.22134,0.22129,0.22123,0.22116,0.22109,0.221,0.2209,0.22079,0.22067,0.22055,0.22041,0.22026,0.22011,0.21994,0.21977,0.21958,0.21939,0.21919,0.21899,0.21877,0.21855,0.21831,0.21807,0.21783,0.21757,0.21731,0.21705,0.21677,0.21649,0.2162,0.21591,0.21561,0.2153,0.21499,0.21467,0.21435,0.21402,0.21369,0.21336,0.21301,0.21267,0.21232,0.21196,0.2116,0.21124,0.21088,0.21051,0.21013,0.20976,0.20938,0.209,0.20862,0.20823,0.20784,0.20745,0.20706,0.20667,0.20628,0.20588,0.20548,0.20509,0.20469,0.20429,0.20389,0.20349,0.20309,0.20269,0.2023,0.2019,0.2015,0.2011,0.20071,0.20031,0.19992,0.19953,0.19914,0.19875,0.19836,0.19798,0.1976,0.19722,0.19684,0.19646,0.19609,0.19572,0.19536,0.195,0.19464,0.19428,0.19393,0.19358,0.19324,0.1929,0.19256,0.19223,0.1919,0.19158,0.19126,0.19095,0.19064,0.19033,0.19004,0.18974,0.18945,0.18917,0.18889,0.18862,0.18836,0.1881,0.18784,0.18759,0.18735,0.18711,0.18688,0.18666,0.18644,0.18623,0.18603,0.18583,0.18564,0.18545,0.18527,0.1851,0.18494,0.18478,0.18463,0.18449,0.18435,0.18422,0.18409,0.18398,0.18387,0.18377,0.18367,0.18359,0.18351,0.18343,0.18337,0.18331,0.18326,0.18321,0.18318,0.18315,0.18312,0.18311,0.1831,0.1831,0.18311,0.18312,0.18314,0.18317,0.1832,0.18325,0.18329,0.18335,0.18341,0.18348,0.18356,0.18364,0.18373,0.18383,0.18393,0.18404,0.18416,0.18428,0.18441,0.18455,0.18469,0.18484,0.18499,0.18515,0.18532,0.18549,0.18567,0.18586,0.18605,0.18624,0.18644,0.18665,0.18686,0.18708,0.1873,0.18752,0.18775,0.18799,0.18823,0.18848,0.18873,0.18898,0.18924,0.1895,0.18977,0.19004,0.19031,0.19059,0.19087,0.19115,0.19144,0.19173,0.19202,0.19232,0.19262,0.19292,0.19323,0.19353,0.19384,0.19415,0.19446,0.19478,0.19509,0.19541,0.19573,0.19604,0.19636,0.19669,0.19701,0.19733,0.19765,0.19797,0.1983,0.19862,0.19894,0.19926,0.19959,0.19991,0.20023,0.20055,0.20086,0.20118,0.20149,0.20181,0.20212,0.20243,0.20274,0.20304,0.20335,0.20365,0.20394,0.20424,0.20453,0.20482,0.2051,0.20539,0.20566,0.20594,0.20621,0.20648,0.20674,0.207,0.20725,0.2075,0.20774,0.20798,0.20822,0.20844,0.20867,0.20889,0.2091,0.2093,0.20951,0.2097,0.20989,0.21007,0.21025,0.21041,0.21058,0.21073,0.21088,0.21102,0.21116,0.21128,0.2114,0.21151,0.21162,0.21171,0.2118,0.21188,0.21196,0.21202,0.21207,0.21212,0.21216,0.21219,0.21221,0.21222,0.21223,0.21222,0.21221,0.21219,0.21215,0.21211,0.21206,0.212,0.21193,0.21185,0.21176,0.21166,0.21155,0.21143,0.2113,0.21116,0.21101,0.21085,0.21068,0.2105,0.21031,0.21011,0.2099,0.20968,0.20945,0.20921,0.20896,0.20869,0.20842,0.20814,0.20784,0.20754,0.20722,0.2069,0.20656,0.20621,0.20586,0.20549,0.20511,0.20472,0.20432,0.20391,0.20349,0.20306,0.20262,0.20217,0.20171,0.20124,0.20075,0.20026,0.19976,0.19924,0.19872,0.19819,0.19764,0.19709,0.19653,0.19595,0.19537,0.19478,0.19418,0.19356,0.19294,0.19231,0.19167,0.19102,0.19036,0.1897,0.18902,0.18833,0.18764,0.18693,0.18622,0.1855,0.18477,0.18403,0.18329,0.18254,0.18177,0.181,0.18023,0.17944,0.17865,0.17785,0.17704,0.17623,0.1754,0.17458,0.17374,0.1729,0.17205,0.1712,0.17034,0.16947,0.1686,0.16772,0.16683,0.16594,0.16505,0.16415,0.16324,0.16233,0.16142,0.1605,0.15958,0.15865,0.15772,0.15678,0.15584,0.1549,0.15395,0.153,0.15205,0.1511,0.15014,0.14918,0.14822,0.14725,0.14629,0.14532,0.14435,0.14338,0.1424,0.14143,0.14046,0.13948,0.13851,0.13753,0.13655,0.13558,0.1346,0.13363,0.13265,0.13168,0.13071,0.12973,0.12876,0.12779,0.12683,0.12586,0.1249,0.12394,0.12298,0.12203,0.12107,0.12012,0.11918,0.11823,0.11729,0.11636,0.11543,0.1145,0.11358,0.11266,0.11174,0.11083,0.10993,0.10903,0.10814,0.10725,0.10637,0.10549,0.10462,0.10376,0.1029,0.10205,0.1012,0.10036,0.099534,0.098711,0.097895,0.097087,0.096286,0.095493,0.094709,0.093932,0.093164,0.092404,0.091653,0.090911,0.090177,0.089453,0.088738,0.088032,0.087335,0.086649,0.085971,0.085304,0.084647,0.084,0.083363,0.082736,0.08212,0.081514,0.080919,0.080335,0.079762,0.0792,0.078648,0.078109,0.07758,0.077063,0.076557,0.076063,0.075581,0.07511,0.074651,0.074204,0.073769,0.073347,0.072936,0.072538,0.072152,0.071778,0.071416,0.071067,0.070731,0.070407,0.070096,0.069798,0.069512,0.069239,0.068978,0.068731,0.068496,0.068275,0.068066,0.06787,0.067687,0.067517,0.06736,0.067216,0.067085,0.066967,0.066862,0.06677,0.066691,0.066625,0.066572,0.066532,0.066505,0.06649,0.066489,0.066501,0.066525,0.066562,0.066612,0.066675,0.066751,0.066839,0.066939,0.067053,0.067179,0.067317,0.067468,0.067631,0.067806,0.067994,0.068193,0.068405,0.068629,0.068865,0.069112,0.069371,0.069642,0.069925,0.070219,0.070524,0.070841,0.071169,0.071508,0.071858,0.072219,0.072591,0.072973,0.073366,0.073769,0.074183,0.074607,0.075041,0.075485,0.075939,0.076402,0.076875,0.077357,0.077849,0.07835,0.07886,0.079379,0.079906,0.080442,0.080986,0.081539,0.0821,0.082669,0.083246,0.08383,0.084422,0.085021,0.085627,0.086241,0.086861,0.087488,0.088121,0.088761,0.089407,0.090059,0.090716,0.09138,0.092049,0.092723,0.093402,0.094086,0.094775,0.095469,0.096167,0.096869,0.097575,0.098285,0.098999,0.099716,0.10044,0.10116,0.10189,0.10262,0.10335,0.10408,0.10482,0.10556,0.1063,0.10704,0.10778,0.10853,0.10927,0.11002,0.11077,0.11151,0.11226,0.11301,0.11376,0.1145,0.11525,0.116,0.11674,0.11749,0.11823,0.11897,0.11971,0.12045,0.12119,0.12192,0.12265,0.12338,0.12411,0.12483,0.12555,0.12627,0.12699,0.1277,0.1284,0.12911,0.12981,0.1305,0.13119,0.13188,0.13256,0.13323,0.13391,0.13457,0.13523,0.13589,0.13654,0.13718,0.13782,0.13845,0.13907,0.13969,0.1403,0.14091,0.14151,0.1421,0.14268,0.14326,0.14383,0.14439,0.14495,0.14549,0.14603,0.14656,0.14709,0.1476,0.14811,0.14861,0.14909,0.14958,0.15005,0.15051,0.15096,0.15141,0.15184,0.15227,0.15269,0.1531,0.15349,0.15388,0.15426,0.15463,0.15499,0.15534,0.15568,0.15601,0.15633,0.15664,0.15694,0.15723,0.15751,0.15777,0.15803,0.15828,0.15852,0.15875,0.15896,0.15917,0.15937,0.15955,0.15973,0.15989,0.16004,0.16019,0.16032,0.16044,0.16055,0.16065,0.16074,0.16082,0.16089,0.16095,0.161,0.16104,0.16107,0.16108,0.16109,0.16109,0.16107,0.16105,0.16101,0.16097,0.16092,0.16085,0.16078,0.16069,0.1606,0.16049,0.16038,0.16026,0.16012,0.15998,0.15983,0.15967,0.1595,0.15932,0.15913,0.15893,0.15873,0.15851,0.15829,0.15805,0.15781,0.15756,0.1573,0.15704,0.15676,0.15648,0.15619,0.1559,0.15559,0.15528,0.15496,0.15463,0.1543,0.15396,0.15361,0.15326,0.1529,0.15253,0.15216,0.15178,0.1514,0.151,0.15061,0.15021,0.1498,0.14939,0.14897,0.14855,0.14813,0.1477,0.14726,0.14682,0.14638,0.14594,0.14549,0.14503,0.14458,0.14412,0.14365,0.14319,0.14272,0.14225,0.14178,0.14131,0.14083,0.14035,0.13988,0.1394,0.13891,0.13843,0.13795,0.13747,0.13698,0.1365,0.13602,0.13553,0.13505,0.13457,0.13409,0.13361,0.13313,0.13265,0.13218,0.1317,0.13123,0.13076,0.13029,0.12983,0.12936,0.1289,0.12845,0.12799,0.12754,0.1271,0.12665,0.12622,0.12578,0.12535,0.12493,0.1245,0.12409,0.12368,0.12327,0.12287,0.12248,0.12209,0.1217,0.12133,0.12095,0.12059,0.12023,0.11988,0.11954,0.1192,0.11887,0.11855,0.11823,0.11792,0.11762,0.11733,0.11705,0.11677,0.1165,0.11624,0.11599,0.11575,0.11552,0.11529,0.11508,0.11487,0.11468,0.11449,0.11432,0.11415,0.11399,0.11384,0.11371,0.11358,0.11346,0.11336,0.11326,0.11318,0.1131,0.11304,0.11299,0.11294,0.11291,0.11289,0.11288,0.11289,0.1129,0.11292,0.11296,0.11301,0.11307,0.11314,0.11322,0.11332,0.11342,0.11354,0.11367,0.11381,0.11396,0.11413,0.1143,0.11449,0.11469,0.1149,0.11513,0.11536,0.11561,0.11587,0.11614,0.11643,0.11672,0.11703,0.11735,0.11768,0.11802,0.11838,0.11874,0.11912,0.11951,0.11991,0.12033,0.12075,0.12119,0.12163,0.12209,0.12256,0.12305,0.12354,0.12404,0.12456,0.12508,0.12562,0.12616,0.12672,0.12729,0.12787,0.12846,0.12906,0.12967,0.13029,0.13092,0.13156,0.1322,0.13286,0.13353,0.13421,0.13489,0.13559,0.13629,0.13701,0.13773,0.13846,0.1392,0.13995,0.1407,0.14146,0.14223,0.14301,0.1438,0.14459,0.14539,0.1462,0.14701,0.14783,0.14866,0.14949,0.15033,0.15117,0.15202,0.15288,0.15374,0.1546,0.15547,0.15635,0.15723,0.15811,0.159,0.15989,0.16079,0.16168,0.16259,0.16349,0.1644,0.16531,0.16622,0.16713,0.16805,0.16897,0.16989,0.17081,0.17173,0.17265,0.17357,0.17449,0.17542,0.17634,0.17726,0.17818,0.1791,0.18002,0.18094,0.18186,0.18277,0.18369,0.1846,0.1855,0.18641,0.18731,0.18821,0.18911,0.19,0.19088,0.19177,0.19265,0.19352,0.19439,0.19525,0.19611,0.19697,0.19781,0.19865,0.19949,0.20032,0.20114,0.20195,0.20276,0.20356,0.20435,0.20513,0.20591,0.20668,0.20744,0.20819,0.20893,0.20966,0.21038,0.21109,0.21179,0.21248,0.21317,0.21384,0.2145,0.21515,0.21578,0.21641,0.21702,0.21763,0.21822,0.2188,0.21936,0.21992,0.22046,0.22098,0.2215,0.222,0.22249,0.22296,0.22342,0.22387,0.2243,0.22471,0.22512,0.2255,0.22588,0.22624,0.22658,0.2269,0.22722,0.22751,0.22779,0.22806,0.22831,0.22854,0.22875,0.22895,0.22914,0.2293,0.22945,0.22958,0.2297,0.2298,0.22988,0.22994,0.22999,0.23002,0.23003,0.23002,0.23,0.22996,0.2299,0.22982,0.22973,0.22961,0.22948,0.22933,0.22916,0.22898,0.22877,0.22855,0.22831,0.22805,0.22777,0.22748,0.22716,0.22683,0.22648,0.22611,0.22572,0.22531,0.22489,0.22444,0.22398,0.2235,0.223,0.22248,0.22195,0.2214,0.22082,0.22024,0.21963,0.219,0.21836,0.2177,0.21702,0.21632,0.21561,0.21487,0.21412,0.21336,0.21257,0.21177,0.21095,0.21011,0.20926,0.20839,0.20751,0.2066,0.20568,0.20475,0.2038,0.20283,0.20185,0.20085,0.19983,0.1988,0.19776,0.1967,0.19562,0.19453,0.19343,0.19231,0.19117,0.19003,0.18886,0.18769,0.1865,0.1853,0.18408,0.18286,0.18161,0.18036,0.1791,0.17782,0.17653,0.17523,0.17392,0.17259,0.17126,0.16991,0.16856,0.16719,0.16582,0.16443,0.16304,0.16163,0.16022,0.1588,0.15737,0.15593,0.15449,0.15303,0.15157,0.1501,0.14863,0.14714,0.14566,0.14416,0.14266,0.14116,0.13965,0.13813,0.13661,0.13509,0.13356,0.13203,0.13049,0.12895,0.12741,0.12586,0.12432,0.12277,0.12122,0.11967,0.11811,0.11656,0.11501,0.11345,0.1119,0.11034,0.10879,0.10724,0.10569,0.10414,0.10259,0.10105,0.099506,0.097966,0.09643,0.094897,0.093368,0.091844,0.090323,0.088808,0.087297,0.085792,0.084292,0.082798,0.08131,0.079829,0.078355,0.076888,0.075428,0.073976,0.072532,0.071096,0.069669,0.06825,0.066841,0.065441,0.064052,0.062672,0.061302,0.059943,0.058595,0.057258,0.055932,0.054619,0.053317,0.052027,0.05075,0.049486,0.048235,0.046997,0.045772,0.044562,0.043365,0.042183,0.041016,0.039863,0.038725,0.037603,0.036496,0.035405,0.03433,0.033271,0.032229,0.031203,0.030194,0.029202,0.028228,0.027271,0.026332,0.025411,0.024508,0.023623,0.022757,0.02191,0.021081,0.020272,0.019481,0.018711,0.017959,0.017228,0.016516,0.015825,0.015154,0.014503,0.013872,0.013263,0.012674,0.012106,0.011559,0.011033,0.010529,0.010046,0.009584,0.009144,0.0087258,0.0083294,0.0079549,0.0076024,0.0072719,0.0069637,0.0066776,0.0064139,0.0061725,0.0059536,0.0057572,0.0055832,0.0054319,0.0053032,0.0051971,0.0051137,0.0050531,0.0050152,0.005,0.0050076,0.005038,0.0050912,0.0051671,0.0052658,0.0053873,0.0055315,0.0056985,0.0058881,0.0061005,0.0063354,0.006593,0.0068731,0.0071757,0.0075008,0.0078482,0.008218,0.0086101,0.0090243,0.0094606,0.009919,0.010399,0.010901,0.011425,0.011971,0.012538,0.013126,0.013736,0.014367,0.015019,0.015693,0.016386,0.017101,0.017836,0.018592,0.019367,0.020163,0.020979,0.021814,0.022669,0.023544,0.024438,0.02535,0.026282,0.027233,0.028202,0.029189,0.030194,0.031217,0.032258,0.033317,0.034392,0.035485,0.036594,0.03772,0.038863,0.040022,0.041196,0.042386,0.043592,0.044812,0.046048,0.047298,0.048563,0.049842,0.051135,0.052441,0.05376,0.055093,0.056439,0.057797,0.059167,0.060549,0.061943,0.063348,0.064764,0.066191,0.067629,0.069077,0.070534,0.072002,0.073478,0.074964,0.076458,0.07796,0.079471,0.080989,0.082515,0.084047,0.085587,0.087133,0.088685,0.090243,0.091807,0.093375,0.094949,0.096526,0.098108,0.099694,0.10128,0.10288,0.10447,0.10607,0.10767,0.10927,0.11088,0.11248,0.11409,0.11569,0.1173,0.1189,0.12051,0.12211,0.12372,0.12532,0.12692,0.12852,0.13011,0.1317,0.13329,0.13488,0.13646,0.13804,0.13961,0.14118,0.14274,0.1443,0.14585,0.1474,0.14894,0.15047,0.15199,0.15351,0.15502,0.15652,0.15802,0.1595,0.16097,0.16244,0.1639,0.16534,0.16678,0.16821,0.16962,0.17102,0.17242,0.1738,0.17517,0.17652,0.17786,0.1792,0.18051,0.18182,0.18311,0.18438,0.18564,0.18689,0.18812,0.18934,0.19054,0.19173,0.1929,0.19406,0.1952,0.19632,0.19742,0.19851,0.19958,0.20064,0.20167,0.20269,0.20369,0.20467,0.20563,0.20658,0.2075,0.20841,0.2093,0.21016,0.21101,0.21184,0.21265,0.21344,0.2142,0.21495,0.21568,0.21638,0.21707,0.21773,0.21837,0.21899,0.21959,0.22017,0.22073,0.22126,0.22177,0.22226,0.22273,0.22318,0.2236,0.224,0.22438,0.22473,0.22507,0.22538,0.22566,0.22593,0.22617,0.22639,0.22658,0.22676,0.22691,0.22703,0.22714,0.22722,0.22727,0.22731,0.22732,0.22731,0.22727,0.22721,0.22713,0.22702,0.2269,0.22675,0.22657,0.22637,0.22615,0.22591,0.22564,0.22536,0.22504,0.22471,0.22435,0.22397,0.22357,0.22315,0.2227,0.22223,0.22174,0.22123,0.2207,0.22014,0.21957,0.21897,0.21835,0.21771,0.21704,0.21636,0.21566,0.21493,0.21419,0.21342,0.21264,0.21183,0.21101,0.21016,0.2093,0.20841,0.20751,0.20659,0.20565,0.20469,0.20372,0.20272,0.20171,0.20068,0.19963,0.19857,0.19749,0.19639,0.19527,0.19414,0.19299,0.19183,0.19065,0.18946,0.18825,0.18703,0.18579,0.18454,0.18327,0.18199,0.1807,0.17939,0.17807,0.17674,0.1754,0.17404,0.17267,0.17129,0.1699,0.1685,0.16709,0.16567,0.16423,0.16279,0.16134,0.15988,0.15841,0.15693,0.15544,0.15395,0.15245,0.15094,0.14942,0.1479,0.14637,0.14484,0.1433,0.14175,0.1402,0.13864,0.13709,0.13552,0.13395,0.13238,0.13081,0.12923,0.12765,0.12607,0.12449,0.1229,0.12132,0.11973,0.11814,0.11656,0.11497,0.11338,0.1118,0.11021,0.10863,0.10705,0.10547,0.10389,0.10232,0.10075,0.099178,0.097615,0.096055,0.0945,0.092949,0.091403,0.089863,0.088328,0.086799,0.085276,0.08376,0.082251,0.080749,0.079254,0.077767,0.076289,0.074818,0.073356,0.071903,0.07046,0.069025,0.067601,0.066187,0.064783,0.063389,0.062007,0.060636,0.059276,0.057928,0.056592,0.055268,0.053957,0.052658,0.051373,0.050101,0.048842,0.047597,0.046366,0.045149,0.043947,0.04276,0.041587,0.04043,0.039288,0.038162,0.037051,0.035957,0.034878,0.033817,0.032772,0.031743,0.030732,0.029738,0.028761,0.027802,0.026861,0.025938,0.025033,0.024146,0.023278,0.022428,0.021597,0.020785,0.019991,0.019218,0.018463,0.017728,0.017012,0.016317,0.015641,0.014985,0.014349,0.013733,0.013138,0.012563,0.012008,0.011474,0.010961,0.010468,0.0099964,0.0095455,0.0091155,0.0087065,0.0083187,0.0079519,0.0076063,0.007282,0.0069789,0.0066972,0.0064368,0.0061977,0.00598,0.0057838,0.005609,0.0054556,0.0053236,0.0052131,0.0051241,0.0050564,0.0050102,0.0049855,0.004982,0.005,0.0050393,0.0050999,0.0051817,0.0052848,0.005409,0.0055544,0.0057208,0.0059083,0.0061166,0.0063459,0.006596,0.0068668,0.0071582,0.0074702,0.0078027,0.0081556,0.0085288,0.0089221,0.0093355,0.009769,0.010222,0.010695,0.011188,0.0117,0.012232,0.012782,0.013352,0.013941,0.014549,0.015175,0.01582,0.016483,0.017165,0.017865,0.018582,0.019317,0.02007,0.02084,0.021628,0.022432,0.023254,0.024092,0.024946,0.025817,0.026704,0.027607,0.028525,0.029459,0.030409,0.031373,0.032352,0.033346,0.034355,0.035377,0.036414,0.037465,0.038529,0.039606,0.040696,0.0418,0.042916,0.044044,0.045185,0.046337,0.047501,0.048677,0.049864,0.051062,0.05227,0.053489,0.054718,0.055958,0.057206,0.058465,0.059732,0.061009,0.062294,0.063587,0.064889,0.066199,0.067516,0.068841,0.070172,0.071511,0.072856,0.074207,0.075565,0.076928,0.078297,0.079671,0.08105,0.082434,0.083822,0.085214,0.086611,0.088011,0.089414,0.09082,0.09223,0.093642,0.095056,0.096472,0.09789,0.099309,0.10073,0.10215,0.10357,0.105,0.10642,0.10784,0.10927,0.11069,0.11211,0.11353,0.11495,0.11637,0.11778,0.11919,0.12061,0.12201,0.12342,0.12482,0.12622,0.12762,0.12901,0.1304,0.13178,0.13316,0.13453,0.1359,0.13726,0.13862,0.13998,0.14132,0.14266,0.144,0.14532,0.14665,0.14796,0.14927,0.15057,0.15186,0.15314,0.15442,0.15569,0.15695,0.1582,0.15944,0.16067,0.1619,0.16311,0.16432,0.16551,0.1667,0.16787,0.16904,0.1702,0.17134,0.17247,0.1736,0.17471,0.17581,0.1769,0.17798,0.17905,0.1801,0.18115,0.18218,0.1832,0.18421,0.1852,0.18619,0.18716,0.18812,0.18906,0.19,0.19092,0.19182,0.19272,0.1936,0.19447,0.19532,0.19616,0.19699,0.1978,0.1986,0.19939,0.20016,0.20092,0.20167,0.2024,0.20312,0.20382,0.20451,0.20519,0.20585,0.2065,0.20713,0.20775,0.20835,0.20895,0.20952,0.21009,0.21064,0.21117,0.21169,0.2122,0.21269,0.21317,0.21363,0.21408,0.21452,0.21494,0.21535,0.21575,0.21613,0.21649,0.21685,0.21718,0.21751,0.21782,0.21812,0.21841,0.21868,0.21893,0.21918,0.21941,0.21963,0.21983,0.22003,0.22021,0.22037,0.22053,0.22067,0.22079,0.22091,0.22101,0.22111,0.22118,0.22125,0.22131,0.22135,0.22138,0.2214,0.22141,0.22141,0.2214,0.22137,0.22134,0.22129,0.22123,0.22116,0.22109,0.221,0.2209,0.22079,0.22067,0.22055,0.22041,0.22026,0.22011,0.21994,0.21977,0.21958,0.21939,0.21919,0.21899,0.21877,0.21855,0.21831,0.21807,0.21783,0.21757,0.21731,0.21705,0.21677,0.21649,0.2162,0.21591,0.21561,0.2153,0.21499,0.21467,0.21435,0.21402,0.21369,0.21336,0.21301,0.21267,0.21232,0.21196,0.2116,0.21124,0.21088,0.21051,0.21013,0.20976,0.20938,0.209,0.20862,0.20823,0.20784,0.20745,0.20706,0.20667,0.20628,0.20588,0.20548,0.20509,0.20469,0.20429,0.20389,0.20349,0.20309,0.20269,0.2023,0.2019,0.2015,0.2011,0.20071,0.20031,0.19992,0.19953,0.19914,0.19875,0.19836,0.19798,0.1976,0.19722,0.19684,0.19646,0.19609,0.19572,0.19536,0.195,0.19464,0.19428,0.19393,0.19358,0.19324,0.1929,0.19256,0.19223,0.1919,0.19158,0.19126,0.19095,0.19064,0.19033,0.19004,0.18974,0.18945,0.18917,0.18889,0.18862,0.18836,0.1881,0.18784,0.18759,0.18735,0.18711,0.18688,0.18666,0.18644,0.18623,0.18603,0.18583,0.18564,0.18545,0.18527,0.1851,0.18494,0.18478,0.18463,0.18449,0.18435,0.18422,0.18409,0.18398,0.18387,0.18377,0.18367,0.18359,0.18351,0.18343,0.18337,0.18331,0.18326,0.18321,0.18318,0.18315,0.18312,0.18311,0.1831,0.1831,0.18311,0.18312,0.18314,0.18317,0.1832,0.18325,0.18329,0.18335,0.18341,0.18348,0.18356,0.18364,0.18373,0.18383,0.18393,0.18404,0.18416,0.18428,0.18441,0.18455,0.18469,0.18484,0.18499,0.18515,0.18532,0.18549,0.18567,0.18586,0.18605,0.18624,0.18644,0.18665,0.18686,0.18708,0.1873,0.18752,0.18775,0.18799,0.18823,0.18848,0.18873,0.18898,0.18924,0.1895,0.18977,0.19004,0.19031,0.19059,0.19087,0.19115,0.19144,0.19173,0.19202,0.19232,0.19262,0.19292,0.19323,0.19353,0.19384,0.19415,0.19446,0.19478,0.19509,0.19541,0.19573,0.19604,0.19636,0.19669,0.19701,0.19733,0.19765,0.19797,0.1983,0.19862,0.19894,0.19926,0.19959,0.19991,0.20023,0.20055,0.20086,0.20118,0.20149,0.20181,0.20212,0.20243,0.20274,0.20304,0.20335,0.20365,0.20394,0.20424,0.20453,0.20482,0.2051,0.20539,0.20566,0.20594,0.20621,0.20648,0.20674,0.207,0.20725,0.2075,0.20774,0.20798,0.20822,0.20844,0.20867,0.20889,0.2091,0.2093,0.20951,0.2097,0.20989,0.21007,0.21025,0.21041,0.21058,0.21073,0.21088,0.21102,0.21116,0.21128,0.2114,0.21151,0.21162,0.21171,0.2118,0.21188,0.21196,0.21202,0.21207,0.21212,0.21216,0.21219,0.21221,0.21222,0.21223,0.21222,0.21221,0.21219,0.21215,0.21211,0.21206,0.212,0.21193,0.21185,0.21176,0.21166,0.21155,0.21143,0.2113,0.21116,0.21101,0.21085,0.21068,0.2105,0.21031,0.21011,0.2099,0.20968,0.20945,0.20921,0.20896,0.20869,0.20842,0.20814,0.20784,0.20754,0.20722,0.2069,0.20656,0.20621,0.20586,0.20549,0.20511,0.20472,0.20432,0.20391,0.20349,0.20306,0.20262,0.20217,0.20171,0.20124,0.20075,0.20026,0.19976,0.19924,0.19872,0.19819,0.19764,0.19709,0.19653,0.19595,0.19537,0.19478,0.19418,0.19356,0.19294,0.19231,0.19167,0.19102,0.19036,0.1897,0.18902,0.18833,0.18764,0.18693,0.18622,0.1855,0.18477,0.18403,0.18329,0.18254,0.18177,0.181,0.18023,0.17944,0.17865,0.17785,0.17704,0.17623,0.1754,0.17458,0.17374,0.1729,0.17205,0.1712,0.17034,0.16947,0.1686,0.16772,0.16683,0.16594,0.16505,0.16415,0.16324,0.16233,0.16142,0.1605,0.15958,0.15865,0.15772,0.15678,0.15584,0.1549,0.15395,0.153,0.15205,0.1511,0.15014,0.14918,0.14822,0.14725,0.14629,0.14532,0.14435,0.14338,0.1424,0.14143,0.14046,0.13948,0.13851,0.13753,0.13655,0.13558,0.1346,0.13363,0.13265,0.13168,0.13071,0.12973,0.12876,0.12779,0.12683,0.12586,0.1249,0.12394,0.12298,0.12203,0.12107,0.12012,0.11918,0.11823,0.11729,0.11636,0.11543,0.1145,0.11358,0.11266,0.11174,0.11083,0.10993,0.10903,0.10814,0.10725,0.10637,0.10549,0.10462,0.10376,0.1029,0.10205,0.1012,0.10036,0.099534,0.098711,0.097895,0.097087,0.096286,0.095493,0.094709,0.093932,0.093164,0.092404,0.091653,0.090911,0.090177,0.089453,0.088738,0.088032,0.087335,0.086649,0.085971,0.085304,0.084647,0.084,0.083363,0.082736,0.08212,0.081514,0.080919,0.080335,0.079762,0.0792,0.078648,0.078109,0.07758,0.077063,0.076557,0.076063,0.075581,0.07511,0.074651,0.074204,0.073769,0.073347,0.072936,0.072538,0.072152,0.071778,0.071416,0.071067,0.070731,0.070407,0.070096,0.069798,0.069512,0.069239,0.068978,0.068731,0.068496,0.068275,0.068066,0.06787,0.067687,0.067517,0.06736,0.067216,0.067085,0.066967,0.066862,0.06677,0.066691,0.066625,0.066572,0.066532,0.066505,0.06649,0.066489,0.066501,0.066525,0.066562,0.066612,0.066675,0.066751,0.066839,0.066939,0.067053,0.067179,0.067317,0.067468,0.067631,0.067806,0.067994,0.068193,0.068405,0.068629,0.068865,0.069112,0.069371,0.069642,0.069925,0.070219,0.070524,0.070841,0.071169,0.071508,0.071858,0.072219,0.072591,0.072973,0.073366,0.073769,0.074183,0.074607,0.075041,0.075485,0.075939,0.076402,0.076875,0.077357,0.077849,0.07835,0.07886,0.079379,0.079906,0.080442,0.080986,0.081539,0.0821,0.082669,0.083246,0.08383,0.084422,0.085021,0.085627,0.086241,0.086861,0.087488,0.088121,0.088761,0.089407,0.090059,0.090716,0.09138,0.092049,0.092723,0.093402,0.094086,0.094775,0.095469,0.096167,0.096869,0.097575,0.098285,0.098999,0.099716,0.10044,0.10116,0.10189,0.10262,0.10335,0.10408,0.10482,0.10556,0.1063,0.10704,0.10778,0.10853,0.10927,0.11002,0.11077,0.11151,0.11226,0.11301,0.11376,0.1145,0.11525,0.116,0.11674,0.11749,0.11823,0.11897,0.11971,0.12045,0.12119,0.12192,0.12265,0.12338,0.12411,0.12483,0.12555,0.12627,0.12699,0.1277,0.1284,0.12911,0.12981,0.1305,0.13119,0.13188,0.13256,0.13323,0.13391,0.13457,0.13523,0.13589,0.13654,0.13718,0.13782,0.13845,0.13907,0.13969,0.1403,0.14091,0.14151,0.1421,0.14268,0.14326,0.14383,0.14439,0.14495,0.14549,0.14603,0.14656,0.14709,0.1476,0.14811,0.14861,0.14909,0.14958,0.15005,0.15051,0.15096,0.15141,0.15184,0.15227,0.15269,0.1531,0.15349,0.15388,0.15426,0.15463,0.15499,0.15534,0.15568,0.15601,0.15633,0.15664,0.15694,0.15723,0.15751,0.15777,0.15803,0.15828,0.15852,0.15875,0.15896,0.15917,0.15937,0.15955,0.15973,0.15989,0.16004,0.16019,0.16032,0.16044,0.16055,0.16065,0.16074,0.16082,0.16089,0.16095,0.161,0.16104,0.16107,0.16108,0.16109,0.16109,0.16107,0.16105,0.16101,0.16097,0.16092,0.16085,0.16078,0.16069,0.1606,0.16049,0.16038,0.16026,0.16012,0.15998,0.15983,0.15967,0.1595,0.15932,0.15913,0.15893,0.15873,0.15851,0.15829,0.15805,0.15781,0.15756,0.1573,0.15704,0.15676,0.15648,0.15619,0.1559,0.15559,0.15528,0.15496,0.15463,0.1543,0.15396,0.15361,0.15326,0.1529,0.15253,0.15216,0.15178,0.1514,0.151,0.15061,0.15021,0.1498,0.14939,0.14897,0.14855,0.14813,0.1477,0.14726,0.14682,0.14638,0.14594,0.14549,0.14503,0.14458,0.14412,0.14365,0.14319,0.14272,0.14225,0.14178,0.14131,0.14083,0.14035,0.13988,0.1394,0.13891,0.13843,0.13795,0.13747,0.13698,0.1365,0.13602,0.13553,0.13505,0.13457,0.13409,0.13361,0.13313,0.13265,0.13218,0.1317,0.13123,0.13076,0.13029,0.12983,0.12936,0.1289,0.12845,0.12799,0.12754,0.1271,0.12665,0.12622,0.12578,0.12535,0.12493,0.1245,0.12409,0.12368,0.12327,0.12287,0.12248,0.12209,0.1217,0.12133,0.12095,0.12059,0.12023,0.11988,0.11954,0.1192,0.11887,0.11855,0.11823,0.11792,0.11762,0.11733,0.11705,0.11677,0.1165,0.11624,0.11599,0.11575,0.11552,0.11529,0.11508,0.11487,0.11468,0.11449,0.11432,0.11415,0.11399,0.11384,0.11371,0.11358,0.11346,0.11336,0.11326,0.11318,0.1131,0.11304,0.11299,0.11294,0.11291,0.11289,0.11288,0.11289,0.1129,0.11292,0.11296,0.11301,0.11307,0.11314,0.11322,0.11332,0.11342,0.11354,0.11367,0.11381,0.11396,0.11413,0.1143,0.11449,0.11469,0.1149,0.11513,0.11536,0.11561,0.11587,0.11614,0.11643,0.11672,0.11703,0.11735,0.11768,0.11802,0.11838,0.11874,0.11912,0.11951,0.11991,0.12033,0.12075,0.12119,0.12163,0.12209,0.12256,0.12305,0.12354,0.12404,0.12456,0.12508,0.12562,0.12616,0.12672,0.12729,0.12787,0.12846,0.12906,0.12967,0.13029,0.13092,0.13156,0.1322,0.13286,0.13353,0.13421,0.13489,0.13559,0.13629,0.13701,0.13773,0.13846,0.1392,0.13995,0.1407,0.14146,0.14223,0.14301,0.1438,0.14459,0.14539,0.1462,0.14701,0.14783,0.14866,0.14949,0.15033,0.15117,0.15202,0.15288,0.15374,0.1546,0.15547,0.15635,0.15723,0.15811,0.159,0.15989,0.16079,0.16168,0.16259,0.16349,0.1644,0.16531,0.16622,0.16713,0.16805,0.16897,0.16989,0.17081,0.17173,0.17265,0.17357,0.17449,0.17542,0.17634,0.17726,0.17818,0.1791,0.18002,0.18094,0.18186,0.18277,0.18369,0.1846,0.1855,0.18641,0.18731,0.18821,0.18911,0.19,0.19088,0.19177,0.19265,0.19352,0.19439,0.19525,0.19611,0.19697,0.19781,0.19865,0.19949,0.20032,0.20114,0.20195,0.20276,0.20356,0.20435,0.20513,0.20591,0.20668,0.20744,0.20819,0.20893,0.20966,0.21038,0.21109,0.21179,0.21248,0.21317,0.21384,0.2145,0.21515,0.21578,0.21641,0.21702,0.21763,0.21822,0.2188,0.21936,0.21992,0.22046,0.22098,0.2215,0.222,0.22249,0.22296,0.22342,0.22387,0.2243,0.22471,0.22512,0.2255,0.22588,0.22624,0.22658,0.2269,0.22722,0.22751,0.22779,0.22806,0.22831,0.22854,0.22875,0.22895,0.22914,0.2293,0.22945,0.22958,0.2297,0.2298,0.22988,0.22994,0.22999,0.23002,0.23003,0.23002,0.23,0.22996,0.2299,0.22982,0.22973,0.22961,0.22948,0.22933,0.22916,0.22898,0.22877,0.22855,0.22831,0.22805,0.22777,0.22748,0.22716,0.22683,0.22648,0.22611,0.22572,0.22531,0.22489,0.22444,0.22398,0.2235,0.223,0.22248,0.22195,0.2214,0.22082,0.22024,0.21963,0.219,0.21836,0.2177,0.21702,0.21632,0.21561,0.21487,0.21412,0.21336,0.21257,0.21177,0.21095,0.21011,0.20926,0.20839,0.20751,0.2066,0.20568,0.20475,0.2038,0.20283,0.20185,0.20085,0.19983,0.1988,0.19776,0.1967,0.19562,0.19453,0.19343,0.19231,0.19117,0.19003,0.18886,0.18769,0.1865,0.1853,0.18408,0.18286,0.18161,0.18036,0.1791,0.17782,0.17653,0.17523,0.17392,0.17259,0.17126,0.16991,0.16856,0.16719,0.16582,0.16443,0.16304,0.16163,0.16022,0.1588,0.15737,0.15593,0.15449,0.15303,0.15157,0.1501,0.14863,0.14714,0.14566,0.14416,0.14266,0.14116,0.13965,0.13813,0.13661,0.13509,0.13356,0.13203,0.13049,0.12895,0.12741,0.12586,0.12432,0.12277,0.12122,0.11967,0.11811,0.11656,0.11501,0.11345,0.1119,0.11034,0.10879,0.10724,0.10569,0.10414,0.10259,0.10105,0.099506,0.097966,0.09643,0.094897,0.093368,0.091844,0.090323,0.088808,0.087297,0.085792,0.084292,0.082798,0.08131,0.079829,0.078355,0.076888,0.075428,0.073976,0.072532,0.071096,0.069669,0.06825,0.066841,0.065441,0.064052,0.062672,0.061302,0.059943,0.058595,0.057258,0.055932,0.054619,0.053317,0.052027,0.05075,0.049486,0.048235,0.046997,0.045772,0.044562,0.043365,0.042183,0.041016,0.039863,0.038725,0.037603,0.036496,0.035405,0.03433,0.033271,0.032229,0.031203,0.030194,0.029202,0.028228,0.027271,0.026332,0.025411,0.024508,0.023623,0.022757,0.02191,0.021081,0.020272,0.019481,0.018711,0.017959,0.017228,0.016516,0.015825,0.015154,0.014503,0.013872,0.013263,0.012674,0.012106,0.011559,0.011033,0.010529,0.010046,0.009584,0.009144,0.0087258,0.0083294,0.0079549,0.0076024,0.0072719,0.0069637,0.0066776,0.0064139,0.0061725,0.0059536,0.0057572,0.0055832,0.0054319,0.0053032,0.0051971,0.0051137,0.0050531,0.0050152,0.005,0.0050076,0.005038,0.0050912,0.0051671,0.0052658,0.0053873,0.0055315,0.0056985,0.0058881,0.0061005,0.0063354,0.006593,0.0068731,0.0071757,0.0075008,0.0078482,0.008218,0.0086101,0.0090243,0.0094606,0.009919,0.010399,0.010901,0.011425,0.011971,0.012538,0.013126,0.013736,0.014367,0.015019,0.015693,0.016386,0.017101,0.017836,0.018592,0.019367,0.020163,0.020979,0.021814,0.022669,0.023544,0.024438,0.02535,0.026282,0.027233,0.028202,0.029189,0.030194,0.031217,0.032258,0.033317,0.034392,0.035485,0.036594,0.03772,0.038863,0.040022,0.041196,0.042386,0.043592,0.044812,0.046048,0.047298,0.048563,0.049842,0.051135,0.052441,0.05376,0.055093,0.056439,0.057797,0.059167,0.060549,0.061943,0.063348,0.064764,0.066191,0.067629,0.069077,0.070534,0.072002,0.073478,0.074964,0.076458,0.07796,0.079471,0.080989,0.082515,0.084047,0.085587,0.087133,0.088685,0.090243,0.091807,0.093375,0.094949,0.096526,0.098108,0.099694,0.10128,0.10288,0.10447,0.10607,0.10767,0.10927,0.11088,0.11248,0.11409,0.11569,0.1173,0.1189,0.12051,0.12211,0.12372,0.12532,0.12692,0.12852,0.13011,0.1317,0.13329,0.13488,0.13646,0.13804,0.13961,0.14118,0.14274,0.1443,0.14585,0.1474,0.14894,0.15047,0.15199,0.15351,0.15502,0.15652,0.15802,0.1595,0.16097,0.16244,0.1639,0.16534,0.16678,0.16821,0.16962,0.17102,0.17242,0.1738,0.17517,0.17652,0.17786,0.1792,0.18051,0.18182,0.18311,0.18438,0.18564,0.18689,0.18812,0.18934,0.19054,0.19173,0.1929,0.19406,0.1952,0.19632,0.19742,0.19851,0.19958,0.20064,0.20167,0.20269,0.20369,0.20467,0.20563,0.20658,0.2075,0.20841,0.2093,0.21016,0.21101,0.21184,0.21265,0.21344,0.2142,0.21495,0.21568,0.21638,0.21707,0.21773,0.21837,0.21899,0.21959,0.22017,0.22073,0.22126,0.22177,0.22226,0.22273,0.22318,0.2236,0.224,0.22438,0.22473,0.22507,0.22538,0.22566,0.22593,0.22617,0.22639,0.22658,0.22676,0.22691,0.22703,0.22714,0.22722,0.22727,0.22731,0.22732,0.22731,0.22727,0.22721,0.22713,0.22702,0.2269,0.22675,0.22657,0.22637,0.22615,0.22591,0.22564,0.22536,0.22504,0.22471,0.22435,0.22397,0.22357,0.22315,0.2227,0.22223,0.22174,0.22123,0.2207,0.22014,0.21957,0.21897,0.21835,0.21771,0.21704,0.21636,0.21566,0.21493,0.21419,0.21342,0.21264,0.21183,0.21101,0.21016,0.2093,0.20841,0.20751,0.20659,0.20565,0.20469,0.20372,0.20272,0.20171,0.20068,0.19963,0.19857,0.19749,0.19639,0.19527,0.19414,0.19299,0.19183,0.19065,0.18946,0.18825,0.18703,0.18579,0.18454,0.18327,0.18199,0.1807,0.17939,0.17807,0.17674,0.1754,0.17404,0.17267,0.17129,0.1699,0.1685,0.16709,0.16567,0.16423,0.16279,0.16134,0.15988,0.15841,0.15693,0.15544,0.15395,0.15245,0.15094,0.14942,0.1479,0.14637,0.14484,0.1433,0.14175,0.1402,0.13864,0.13709,0.13552,0.13395,0.13238,0.13081,0.12923,0.12765,0.12607,0.12449,0.1229,0.12132,0.11973,0.11814,0.11656,0.11497,0.11338,0.1118,0.11021,0.10863,0.10705,0.10547,0.10389,0.10232,0.10075,0.099178,0.097615,0.096055,0.0945,0.092949,0.091403,0.089863,0.088328,0.086799,0.085276,0.08376,0.082251,0.080749,0.079254,0.077767,0.076289,0.074818,0.073356,0.071903,0.07046,0.069025,0.067601,0.066187,0.064783,0.063389,0.062007,0.060636,0.059276,0.057928,0.056592,0.055268,0.053957,0.052658,0.051373,0.050101,0.048842,0.047597,0.046366,0.045149,0.043947,0.04276,0.041587
0.0088738,0.032913,0.056916,0.080879,0.1048,0.12866,0.15248,0.17624,0.19993,0.22356,0.24712,0.27061,0.29401,0.31734,0.34058,0.36372,0.38678,0.40973,0.43259,0.45533,0.47797,0.50049,0.52289,0.54518,0.56733,0.58935,0.61125,0.633,0.65461,0.67608,0.6974,0.71856,0.73957,0.76042,0.7811,0.80162,0.82197,0.84214,0.86213,0.88195,0.90158,0.92102,0.94026,0.95932,0.97817,0.99683,1.0153,1.0335,1.0515,1.0694,1.087,1.1043,1.1215,1.1384,1.1551,1.1716,1.1878,1.2038,1.2195,1.2351,1.2503,1.2653,1.2801,1.2946,1.3088,1.3228,1.3366,1.35,1.3632,1.3761,1.3888,1.4012,1.4133,1.4251,1.4367,1.448,1.459,1.4697,1.4801,1.4902,1.5,1.5096,1.5188,1.5278,1.5365,1.5448,1.5529,1.5606,1.5681,1.5752,1.5821,1.5886,1.5949,1.6008,1.6064,1.6117,1.6167,1.6214,1.6257,1.6298,1.6335,1.637,1.6401,1.6429,1.6453,1.6475,1.6493,1.6509,1.6521,1.653,1.6535,1.6538,1.6537,1.6533,1.6526,1.6516,1.6502,1.6486,1.6466,1.6443,1.6417,1.6388,1.6355,1.632,1.6281,1.6239,1.6194,1.6146,1.6095,1.604,1.5983,1.5923,1.5859,1.5792,1.5723,1.565,1.5574,1.5495,1.5414,1.5329,1.5241,1.515,1.5057,1.496,1.4861,1.4758,1.4653,1.4545,1.4434,1.4321,1.4204,1.4085,1.3963,1.3838,1.3711,1.3581,1.3448,1.3313,1.3174,1.3034,1.2891,1.2745,1.2597,1.2446,1.2293,1.2137,1.1979,1.1819,1.1656,1.1491,1.1324,1.1154,1.0982,1.0808,1.0632,1.0453,1.0273,1.009,0.99054,0.97188,0.95301,0.93395,0.91469,0.89525,0.87563,0.85582,0.83583,0.81567,0.79533,0.77483,0.75417,0.73334,0.71236,0.69122,0.66994,0.64851,0.62693,0.60522,0.58337,0.5614,0.53929,0.51706,0.49472,0.47225,0.44968,0.427,0.40421,0.38133,0.35835,0.33527,0.31211,0.28887,0.26555,0.24215,0.21868,0.19514,0.17154,0.14788,0.12416,0.10039,0.07658,0.052724,0.028828,0.0048987,-0.019061,-0.043048,-0.067056,-0.091083,-0.11512,-0.13917,-0.16323,-0.18728,-0.21134,-0.23538,-0.25942,-0.28344,-0.30744,-0.33141,-0.35536,-0.37928,-0.40316,-0.427,-0.45079,-0.47454,-0.49823,-0.52187,-0.54545,-0.56896,-0.5924,-0.61577,-0.63906,-0.66227,-0.6854,-0.70844,-0.73138,-0.75423,-0.77697,-0.79961,-0.82214,-0.84456,-0.86687,-0.88905,-0.91111,-0.93304,-0.95483,-0.9765,-0.99802,-1.0194,-1.0406,-1.0617,-1.0826,-1.1034,-1.124,-1.1445,-1.1647,-1.1849,-1.2048,-1.2245,-1.2441,-1.2635,-1.2827,-1.3017,-1.3205,-1.3391,-1.3575,-1.3757,-1.3937,-1.4115,-1.429,-1.4464,-1.4635,-1.4804,-1.4971,-1.5136,-1.5298,-1.5458,-1.5615,-1.577,-1.5923,-1.6073,-1.6221,-1.6366,-1.6508,-1.6649,-1.6786,-1.6921,-1.7053,-1.7183,-1.731,-1.7434,-1.7556,-1.7675,-1.7791,-1.7904,-1.8014,-1.8122,-1.8227,-1.8329,-1.8428,-1.8524,-1.8618,-1.8708,-1.8796,-1.888,-1.8962,-1.904,-1.9116,-1.9188,-1.9258,-1.9324,-1.9388,-1.9448,-1.9506,-1.956,-1.9611,-1.9659,-1.9704,-1.9746,-1.9785,-1.9821,-1.9853,-1.9883,-1.9909,-1.9932,-1.9952,-1.9969,-1.9982,-1.9993,-2,-2.0004,-2.0005,-2.0003,-1.9998,-1.9989,-1.9977,-1.9962,-1.9944,-1.9923,-1.9899,-1.9871,-1.9841,-1.9807,-1.977,-1.973,-1.9687,-1.9641,-1.9591,-1.9539,-1.9483,-1.9424,-1.9363,-1.9298,-1.923,-1.9159,-1.9085,-1.9008,-1.8928,-1.8845,-1.8759,-1.867,-1.8578,-1.8483,-1.8385,-1.8284,-1.8181,-1.8074,-1.7965,-1.7853,-1.7738,-1.762,-1.7499,-1.7376,-1.7249,-1.7121,-1.6989,-1.6855,-1.6718,-1.6578,-1.6436,-1.6291,-1.6144,-1.5994,-1.5841,-1.5686,-1.5529,-1.5369,-1.5207,-1.5042,-1.4875,-1.4706,-1.4534,-1.436,-1.4183,-1.4005,-1.3824,-1.3641,-1.3456,-1.3269,-1.308,-1.2888,-1.2695,-1.25,-1.2302,-1.2103,-1.1902,-1.1699,-1.1494,-1.1288,-1.1079,-1.0869,-1.0657,-1.0444,-1.0229,-1.0012,-0.97935,-0.95737,-0.93524,-0.91296,-0.89054,-0.86798,-0.84529,-0.82246,-0.79951,-0.77643,-0.75324,-0.72992,-0.7065,-0.68296,-0.65932,-0.63558,-0.61174,-0.58781,-0.56378,-0.53967,-0.51548,-0.49121,-0.46686,-0.44245,-0.41796,-0.39341,-0.36881,-0.34415,-0.31943,-0.29467,-0.26987,-0.24502,-0.22014,-0.19523,-0.17029,-0.14533,-0.12034,-0.095341,-0.070329,-0.045309,-0.020284,0.0047406,0.029762,0.054775,0.079778,0.10476,0.12973,0.15468,0.17959,0.20448,0.22933,0.25414,0.27891,0.30363,0.3283,0.35292,0.37748,0.40198,0.42641,0.45077,0.47506,0.49927,0.5234,0.54745,0.5714,0.59527,0.61904,0.64271,0.66627,0.68973,0.71308,0.73632,0.75943,0.78243,0.8053,0.82805,0.85066,0.87313,0.89547,0.91767,0.93972,0.96162,0.98337,1.005,1.0264,1.0477,1.0688,1.0897,1.1105,1.1311,1.1515,1.1717,1.1918,1.2116,1.2313,1.2508,1.2701,1.2891,1.308,1.3267,1.3452,1.3634,1.3815,1.3993,1.4169,1.4343,1.4515,1.4684,1.4851,1.5016,1.5179,1.5339,1.5497,1.5652,1.5805,1.5956,1.6104,1.6249,1.6392,1.6533,1.6671,1.6806,1.6939,1.7069,1.7196,1.7321,1.7444,1.7563,1.768,1.7794,1.7905,1.8014,1.812,1.8223,1.8323,1.8421,1.8516,1.8607,1.8696,1.8783,1.8866,1.8946,1.9024,1.9099,1.917,1.9239,1.9305,1.9368,1.9428,1.9485,1.9539,1.959,1.9639,1.9684,1.9726,1.9765,1.9802,1.9835,1.9865,1.9893,1.9917,1.9938,1.9957,1.9972,1.9984,1.9994,2,2.0003,2.0004,2.0001,1.9996,1.9987,1.9975,1.9961,1.9943,1.9923,1.9899,1.9873,1.9844,1.9811,1.9776,1.9738,1.9697,1.9653,1.9606,1.9556,1.9504,1.9448,1.939,1.9328,1.9264,1.9197,1.9128,1.9055,1.898,1.8902,1.8821,1.8738,1.8651,1.8562,1.8471,1.8376,1.8279,1.818,1.8077,1.7972,1.7865,1.7755,1.7642,1.7527,1.7409,1.7289,1.7167,1.7042,1.6914,1.6784,1.6652,1.6517,1.638,1.6241,1.6099,1.5956,1.5809,1.5661,1.5511,1.5358,1.5203,1.5046,1.4887,1.4726,1.4563,1.4398,1.4231,1.4061,1.389,1.3717,1.3543,1.3366,1.3187,1.3007,1.2825,1.2641,1.2456,1.2269,1.208,1.189,1.1698,1.1504,1.1309,1.1113,1.0915,1.0716,1.0515,1.0313,1.011,0.99049,0.96989,0.94918,0.92834,0.90739,0.88633,0.86516,0.84388,0.8225,0.80102,0.77945,0.75778,0.73603,0.71419,0.69226,0.67026,0.64819,0.62604,0.60383,0.58155,0.55921,0.53682,0.51437,0.49187,0.46932,0.44673,0.4241,0.40143,0.37873,0.35601,0.33325,0.31048,0.28768,0.26488,0.24206,0.21923,0.1964,0.17356,0.15073,0.12791,0.10509,0.082293,0.059509,0.036745,0.014005,-0.008707,-0.031389,-0.054036,-0.076645,-0.099214,-0.12174,-0.14421,-0.16664,-0.189,-0.21132,-0.23356,-0.25575,-0.27786,-0.2999,-0.32187,-0.34376,-0.36557,-0.38729,-0.40892,-0.43046,-0.45191,-0.47325,-0.4945,-0.51564,-0.53667,-0.55759,-0.5784,-0.59909,-0.61966,-0.64011,-0.66043,-0.68062,-0.70067,-0.72059,-0.74037,-0.76001,-0.77951,-0.79886,-0.81805,-0.8371,-0.85599,-0.87472,-0.89328,-0.91169,-0.92992,-0.94799,-0.96588,-0.9836,-1.0011,-1.0185,-1.0357,-1.0527,-1.0695,-1.0861,-1.1025,-1.1187,-1.1347,-1.1506,-1.1662,-1.1816,-1.1968,-1.2118,-1.2266,-1.2412,-1.2556,-1.2697,-1.2836,-1.2973,-1.3108,-1.3241,-1.3371,-1.3499,-1.3625,-1.3748,-1.3869,-1.3987,-1.4104,-1.4218,-1.4329,-1.4438,-1.4544,-1.4648,-1.475,-1.4849,-1.4946,-1.504,-1.5131,-1.522,-1.5307,-1.5391,-1.5472,-1.5551,-1.5627,-1.57,-1.5771,-1.5839,-1.5905,-1.5968,-1.6028,-1.6086,-1.6141,-1.6193,-1.6242,-1.6289,-1.6333,-1.6375,-1.6413,-1.6449,-1.6483,-1.6513,-1.6541,-1.6566,-1.6589,-1.6608,-1.6625,-1.6639,-1.6651,-1.6659,-1.6665,-1.6668,-1.6669,-1.6666,-1.6661,-1.6654,-1.6643,-1.663,-1.6614,-1.6595,-1.6573,-1.6549,-1.6522,-1.6493,-1.646,-1.6425,-1.6388,-1.6347,-1.6304,-1.6258,-1.621,-1.6159,-1.6105,-1.6048,-1.5989,-1.5928,-1.5863,-1.5797,-1.5727,-1.5655,-1.558,-1.5503,-1.5424,-1.5341,-1.5256,-1.5169,-1.5079,-1.4987,-1.4892,-1.4795,-1.4696,-1.4593,-1.4489,-1.4382,-1.4273,-1.4161,-1.4047,-1.3931,-1.3813,-1.3692,-1.3569,-1.3443,-1.3316,-1.3186,-1.3054,-1.292,-1.2784,-1.2645,-1.2505,-1.2362,-1.2217,-1.2071,-1.1922,-1.1771,-1.1619,-1.1464,-1.1307,-1.1149,-1.0988,-1.0826,-1.0662,-1.0496,-1.0328,-1.0159,-0.99878,-0.98149,-0.96403,-0.94641,-0.92862,-0.91068,-0.89257,-0.87431,-0.8559,-0.83734,-0.81863,-0.79978,-0.78078,-0.76165,-0.74238,-0.72298,-0.70345,-0.68379,-0.66401,-0.6441,-0.62408,-0.60394,-0.5837,-0.56334,-0.54287,-0.5223,-0.50163,-0.48087,-0.46001,-0.43906,-0.41802,-0.39689,-0.37569,-0.3544,-0.33304,-0.31161,-0.29011,-0.26854,-0.24691,-0.22522,-0.20347,-0.18167,-0.15982,-0.13793,-0.11599,-0.094007,-0.071988,-0.049936,-0.027853,-0.0057429,0.016392,0.038547,0.060721,0.082908,0.10511,0.12731,0.14953,0.17174,0.19395,0.21616,0.23835,0.26054,0.28271,0.30487,0.327,0.34911,0.37118,0.39323,0.41525,0.43722,0.45916,0.48105,0.5029,0.52469,0.54643,0.56812,0.58974,0.6113,0.6328,0.65422,0.67557,0.69685,0.71805,0.73916,0.76019,0.78114,0.80199,0.82275,0.84341,0.86396,0.88442,0.90477,0.92501,0.94514,0.96515,0.98504,1.0048,1.0245,1.044,1.0634,1.0826,1.1018,1.1207,1.1396,1.1583,1.1768,1.1952,1.2135,1.2316,1.2495,1.2673,1.2849,1.3024,1.3197,1.3368,1.3537,1.3705,1.3871,1.4035,1.4197,1.4357,1.4516,1.4672,1.4827,1.498,1.513,1.5279,1.5426,1.557,1.5713,1.5853,1.5992,1.6128,1.6262,1.6394,1.6524,1.6652,1.6777,1.69,1.7021,1.714,1.7256,1.737,1.7482,1.7591,1.7698,1.7802,1.7905,1.8004,1.8102,1.8196,1.8289,1.8379,1.8466,1.8551,1.8634,1.8714,1.8791,1.8866,1.8938,1.9008,1.9075,1.9139,1.9201,1.926,1.9317,1.9371,1.9422,1.9471,1.9517,1.956,1.9601,1.9639,1.9674,1.9706,1.9736,1.9764,1.9788,1.981,1.9829,1.9845,1.9858,1.9869,1.9877,1.9883,1.9885,1.9885,1.9882,1.9876,1.9868,1.9857,1.9843,1.9826,1.9806,1.9784,1.9759,1.9732,1.9701,1.9668,1.9632,1.9594,1.9552,1.9508,1.9461,1.9412,1.936,1.9305,1.9247,1.9187,1.9124,1.9058,1.899,1.8919,1.8845,1.8769,1.869,1.8609,1.8524,1.8438,1.8348,1.8257,1.8162,1.8065,1.7966,1.7863,1.7759,1.7652,1.7542,1.743,1.7316,1.7199,1.7079,1.6958,1.6833,1.6707,1.6578,1.6447,1.6313,1.6177,1.6039,1.5898,1.5756,1.5611,1.5463,1.5314,1.5162,1.5009,1.4853,1.4695,1.4535,1.4373,1.4208,1.4042,1.3874,1.3704,1.3531,1.3357,1.3181,1.3003,1.2823,1.2642,1.2458,1.2273,1.2086,1.1897,1.1707,1.1515,1.1321,1.1126,1.0928,1.073,1.053,1.0328,1.0125,0.992,0.97139,0.95064,0.92974,0.90872,0.88756,0.86627,0.84485,0.82331,0.80165,0.77987,0.75798,0.73597,0.71386,0.69164,0.66932,0.6469,0.62439,0.60178,0.57908,0.55629,0.53343,0.51048,0.48745,0.46436,0.44119,0.41795,0.39465,0.37129,0.34787,0.3244,0.30088,0.27731,0.2537,0.23005,0.20636,0.18264,0.15888,0.1351,0.1113,0.08747,0.063629,0.039774,0.015908,-0.0079632,-0.031838,-0.055713,-0.079584,-0.10345,-0.1273,-0.15114,-0.17496,-0.19876,-0.22254,-0.24629,-0.27001,-0.29369,-0.31734,-0.34094,-0.3645,-0.38801,-0.41147,-0.43488,-0.45822,-0.48151,-0.50473,-0.52788,-0.55096,-0.57396,-0.59689,-0.61973,-0.64249,-0.66516,-0.68774,-0.71022,-0.73261,-0.75489,-0.77707,-0.79914,-0.82109,-0.84294,-0.86466,-0.88627,-0.90774,-0.9291,-0.95032,-0.97141,-0.99236,-1.0132,-1.0338,-1.0544,-1.0747,-1.0949,-1.115,-1.1349,-1.1547,-1.1742,-1.1937,-1.2129,-1.232,-1.2509,-1.2696,-1.2881,-1.3065,-1.3246,-1.3426,-1.3604,-1.378,-1.3954,-1.4126,-1.4296,-1.4463,-1.4629,-1.4793,-1.4954,-1.5114,-1.5271,-1.5426,-1.5579,-1.5729,-1.5877,-1.6023,-1.6167,-1.6308,-1.6447,-1.6584,-1.6718,-1.6849,-1.6979,-1.7105,-1.723,-1.7351,-1.7471,-1.7587,-1.7702,-1.7813,-1.7922,-1.8029,-1.8132,-1.8233,-1.8332,-1.8428,-1.8521,-1.8611,-1.8699,-1.8784,-1.8866,-1.8945,-1.9022,-1.9096,-1.9167,-1.9235,-1.93,-1.9363,-1.9422,-1.9479,-1.9533,-1.9584,-1.9632,-1.9678,-1.972,-1.976,-1.9796,-1.983,-1.986,-1.9888,-1.9913,-1.9935,-1.9954,-1.997,-1.9983,-1.9993,-2,-2.0004,-2.0005,-2.0003,-1.9999,-1.9991,-1.998,-1.9966,-1.995,-1.993,-1.9907,-1.9882,-1.9853,-1.9822,-1.9787,-1.975,-1.9709,-1.9666,-1.962,-1.9571,-1.9518,-1.9463,-1.9405,-1.9345,-1.9281,-1.9214,-1.9144,-1.9072,-1.8997,-1.8919,-1.8838,-1.8754,-1.8667,-1.8577,-1.8485,-1.839,-1.8292,-1.8192,-1.8088,-1.7982,-1.7873,-1.7762,-1.7648,-1.7531,-1.7411,-1.7289,-1.7164,-1.7037,-1.6907,-1.6774,-1.6639,-1.6502,-1.6361,-1.6219,-1.6074,-1.5926,-1.5776,-1.5624,-1.5469,-1.5312,-1.5153,-1.4991,-1.4827,-1.466,-1.4492,-1.4321,-1.4148,-1.3973,-1.3796,-1.3616,-1.3435,-1.3251,-1.3065,-1.2878,-1.2688,-1.2497,-1.2303,-1.2108,-1.1911,-1.1711,-1.1511,-1.1308,-1.1103,-1.0897,-1.0689,-1.048,-1.0269,-1.0056,-0.98418,-0.96259,-0.94086,-0.91898,-0.89696,-0.8748,-0.8525,-0.83006,-0.8075,-0.78481,-0.762,-0.73907,-0.71602,-0.69285,-0.66958,-0.64621,-0.62273,-0.59915,-0.57547,-0.55171,-0.52785,-0.50392,-0.4799,-0.4558,-0.43163,-0.4074,-0.38309,-0.35872,-0.3343,-0.30982,-0.28529,-0.26071,-0.23609,-0.21142,-0.18672,-0.16199,-0.13724,-0.11245,-0.087648,-0.062827,-0.037993,-0.013149,0.0117,0.036551,0.061399,0.086242,0.11107,0.13589,0.16069,0.18547,0.21023,0.23495,0.25965,0.2843,0.30892,0.33349,0.35801,0.38248,0.40689,0.43125,0.45554,0.47976,0.50391,0.52799,0.55199,0.57591,0.59973,0.62347,0.64712,0.67067,0.69412,0.71746,0.74069,0.76381,0.78682,0.80971,0.83247,0.85511,0.87761,0.89998,0.92222,0.94431,0.96626,0.98806,1.0097,1.0312,1.0525,1.0737,1.0947,1.1156,1.1362,1.1567,1.1771,1.1972,1.2171,1.2369,1.2565,1.2759,1.295,1.314,1.3328,1.3514,1.3697,1.3879,1.4058,1.4235,1.441,1.4583,1.4753,1.4921,1.5087,1.525,1.5412,1.557,1.5726,1.588,1.6032,1.618,1.6327,1.647,1.6611,1.675,1.6886,1.7019,1.715,1.7278,1.7403,1.7525,1.7645,1.7762,1.7876,1.7987,1.8096,1.8202,1.8304,1.8404,1.8501,1.8596,1.8687,1.8775,1.886,1.8943,1.9022,1.9098,1.9171,1.9242,1.9309,1.9373,1.9434,1.9492,1.9547,1.9599,1.9648,1.9693,1.9736,1.9775,1.9812,1.9845,1.9875,1.9901,1.9925,1.9946,1.9963,1.9977,1.9988,1.9996,2,2.0002,2,1.9995,1.9987,1.9976,1.9961,1.9943,1.9923,1.9898,1.9871,1.9841,1.9807,1.9771,1.9731,1.9688,1.9641,1.9592,1.954,1.9484,1.9425,1.9363,1.9299,1.9231,1.9159,1.9085,1.9008,1.8928,1.8844,1.8758,1.8669,1.8576,1.8481,1.8383,1.8282,1.8177,1.807,1.796,1.7847,1.7731,1.7613,1.7491,1.7367,1.724,1.711,1.6977,1.6842,1.6704,1.6563,1.642,1.6274,1.6125,1.5974,1.582,1.5663,1.5504,1.5343,1.5179,1.5012,1.4843,1.4672,1.4498,1.4322,1.4144,1.3964,1.3781,1.3596,1.3408,1.3219,1.3027,1.2833,1.2638,1.244,1.224,1.2038,1.1834,1.1628,1.1421,1.1211,1.1,1.0786,1.0572,1.0355,1.0137,0.99167,0.96951,0.94719,0.92472,0.9021,0.87933,0.85642,0.83337,0.81018,0.78686,0.76341,0.73983,0.71613,0.69232,0.66839,0.64435,0.62021,0.59597,0.57162,0.54719,0.52266,0.49805,0.47335,0.44858,0.42373,0.39881,0.37383,0.34878,0.32368,0.29852,0.27332,0.24806,0.22277,0.19744,0.17207,0.14668,0.12126,0.09582,0.070363,0.044893,0.019415,-0.0060669,-0.031549,-0.057028,-0.082499,-0.10796,-0.1334,-0.15882,-0.18422,-0.20958,-0.23492,-0.26022,-0.28547,-0.31068,-0.33585,-0.36095,-0.386,-0.41099,-0.43591,-0.46077,-0.48554,-0.51024,-0.53486,-0.55939,-0.58384,-0.60818,-0.63243,-0.65658,-0.68062,-0.70455,-0.72837,-0.75207,-0.77565,-0.7991,-0.82242,-0.84561,-0.86867,-0.89158,-0.91434,-0.93696,-0.95943,-0.98174,-1.0039,-1.0259,-1.0477,-1.0694,-1.0908,-1.1121,-1.1333,-1.1542,-1.1749,-1.1955,-1.2159,-1.236,-1.256,-1.2758,-1.2953,-1.3146,-1.3338,-1.3527,-1.3714,-1.3898,-1.4081,-1.4261,-1.4439,-1.4614,-1.4787,-1.4958,-1.5126,-1.5292,-1.5455,-1.5616,-1.5774,-1.593,-1.6083,-1.6233,-1.6381,-1.6526,-1.6669,-1.6809,-1.6946,-1.708,-1.7211,-1.734,-1.7466,-1.7589,-1.7709,-1.7826,-1.794,-1.8052,-1.816,-1.8266,-1.8368,-1.8468,-1.8564,-1.8658,-1.8748,-1.8836,-1.892,-1.9002,-1.908,-1.9155,-1.9227,-1.9296,-1.9362,-1.9424,-1.9484,-1.954,-1.9593,-1.9643,-1.969,-1.9733,-1.9774,-1.9811,-1.9845,-1.9875,-1.9903,-1.9927,-1.9948,-1.9966,-1.9981,-1.9992,-2,-2.0005,-2.0006,-2.0005,-2,-1.9992,-1.9981,-1.9966,-1.9948,-1.9927,-1.9903,-1.9876,-1.9845,-1.9811,-1.9774,-1.9734,-1.9691,-1.9644,-1.9594,-1.9542,-1.9486,-1.9426,-1.9364,-1.9299,-1.923,-1.9159,-1.9084,-1.9007,-1.8926,-1.8842,-1.8756,-1.8666,-1.8573,-1.8477,-1.8379,-1.8277,-1.8173,-1.8066,-1.7955,-1.7842,-1.7726,-1.7608,-1.7486,-1.7362,-1.7235,-1.7105,-1.6973,-1.6838,-1.67,-1.656,-1.6417,-1.6271,-1.6123,-1.5972,-1.5819,-1.5664,-1.5506,-1.5345,-1.5182,-1.5017,-1.485,-1.468,-1.4508,-1.4333,-1.4157,-1.3978,-1.3797,-1.3614,-1.3429,-1.3242,-1.3053,-1.2862,-1.2669,-1.2474,-1.2277,-1.2079,-1.1878,-1.1676,-1.1472,-1.1266,-1.1059,-1.085,-1.0639,-1.0427,-1.0213,-0.99983,-0.97818,-0.95638,-0.93444,-0.91237,-0.89018,-0.86785,-0.84541,-0.82285,-0.80018,-0.77739,-0.75451,-0.73152,-0.70843,-0.68525,-0.66198,-0.63863,-0.61519,-0.59168,-0.5681,-0.54444,-0.52072,-0.49695,-0.47311,-0.44923,-0.42529,-0.40132,-0.3773,-0.35325,-0.32917,-0.30506,-0.28092,-0.25677,-0.23261,-0.20844,-0.18426,-0.16008,-0.1359,-0.11173,-0.087567,-0.063423,-0.039299,-0.015198,0.0088738,0.032913,0.056916,0.080879,0.1048,0.12866,0.15248,0.17624,0.19993,0.22356,0.24712,0.27061,0.29401,0.31734,0.34058,0.36372,0.38678,0.40973,0.43259,0.45533,0.47797,0.50049,0.52289,0.54518,0.56733,0.58935,0.61125,0.633,0.65461,0.67608,0.6974,0.71856,0.73957,0.76042,0.7811,0.80162,0.82197,0.84214,0.86213,0.88195,0.90158,0.92102,0.94026,0.95932,0.97817,0.99683,1.0153,1.0335,1.0515,1.0694,1.087,1.1043,1.1215,1.1384,1.1551,1.1716,1.1878,1.2038,1.2195,1.2351,1.2503,1.2653,1.2801,1.2946,1.3088,1.3228,1.3366,1.35,1.3632,1.3761,1.3888,1.4012,1.4133,1.4251,1.4367,1.448,1.459,1.4697,1.4801,1.4902,1.5,1.5096,1.5188,1.5278,1.5365,1.5448,1.5529,1.5606,1.5681,1.5752,1.5821,1.5886,1.5949,1.6008,1.6064,1.6117,1.6167,1.6214,1.6257,1.6298,1.6335,1.637,1.6401,1.6429,1.6453,1.6475,1.6493,1.6509,1.6521,1.653,1.6535,1.6538,1.6537,1.6533,1.6526,1.6516,1.6502,1.6486,1.6466,1.6443,1.6417,1.6388,1.6355,1.632,1.6281,1.6239,1.6194,1.6146,1.6095,1.604,1.5983,1.5923,1.5859,1.5792,1.5723,1.565,1.5574,1.5495,1.5414,1.5329,1.5241,1.515,1.5057,1.496,1.4861,1.4758,1.4653,1.4545,1.4434,1.4321,1.4204,1.4085,1.3963,1.3838,1.3711,1.3581,1.3448,1.3313,1.3174,1.3034,1.2891,1.2745,1.2597,1.2446,1.2293,1.2137,1.1979,1.1819,1.1656,1.1491,1.1324,1.1154,1.0982,1.0808,1.0632,1.0453,1.0273,1.009,0.99054,0.97188,0.95301,0.93395,0.91469,0.89525,0.87563,0.85582,0.83583,0.81567,0.79533,0.77483,0.75417,0.73334,0.71236,0.69122,0.66994,0.64851,0.62693,0.60522,0.58337,0.5614,0.53929,0.51706,0.49472,0.47225,0.44968,0.427,0.40421,0.38133,0.35835,0.33527,0.31211,0.28887,0.26555,0.24215,0.21868,0.19514,0.17154,0.14788,0.12416,0.10039,0.07658,0.052724,0.028828,0.0048987,-0.019061,-0.043048,-0.067056,-0.091083,-0.11512,-0.13917,-0.16323,-0.18728,-0.21134,-0.23538,-0.25942,-0.28344,-0.30744,-0.33141,-0.35536,-0.37928,-0.40316,-0.427,-0.45079,-0.47454,-0.49823,-0.52187,-0.54545,-0.56896,-0.5924,-0.61577,-0.63906,-0.66227,-0.6854,-0.70844,-0.73138,-0.75423,-0.77697,-0.79961,-0.82214,-0.84456,-0.86687,-0.88905,-0.91111,-0.93304,-0.95483,-0.9765,-0.99802,-1.0194,-1.0406,-1.0617,-1.0826,-1.1034,-1.124,-1.1445,-1.1647,-1.1849,-1.2048,-1.2245,-1.2441,-1.2635,-1.2827,-1.3017,-1.3205,-1.3391,-1.3575,-1.3757,-1.3937,-1.4115,-1.429,-1.4464,-1.4635,-1.4804,-1.4971,-1.5136,-1.5298,-1.5458,-1.5615,-1.577,-1.5923,-1.6073,-1.6221,-1.6366,-1.6508,-1.6649,-1.6786,-1.6921,-1.7053,-1.7183,-1.731,-1.7434,-1.7556,-1.7675,-1.7791,-1.7904,-1.8014,-1.8122,-1.8227,-1.8329,-1.8428,-1.8524,-1.8618,-1.8708,-1.8796,-1.888,-1.8962,-1.904,-1.9116,-1.9188,-1.9258,-1.9324,-1.9388,-1.9448,-1.9506,-1.956,-1.9611,-1.9659,-1.9704,-1.9746,-1.9785,-1.9821,-1.9853,-1.9883,-1.9909,-1.9932,-1.9952,-1.9969,-1.9982,-1.9993,-2,-2.0004,-2.0005,-2.0003,-1.9998,-1.9989,-1.9977,-1.9962,-1.9944,-1.9923,-1.9899,-1.9871,-1.9841,-1.9807,-1.977,-1.973,-1.9687,-1.9641,-1.9591,-1.9539,-1.9483,-1.9424,-1.9363,-1.9298,-1.923,-1.9159,-1.9085,-1.9008,-1.8928,-1.8845,-1.8759,-1.867,-1.8578,-1.8483,-1.8385,-1.8284,-1.8181,-1.8074,-1.7965,-1.7853,-1.7738,-1.762,-1.7499,-1.7376,-1.7249,-1.7121,-1.6989,-1.6855,-1.6718,-1.6578,-1.6436,-1.6291,-1.6144,-1.5994,-1.5841,-1.5686,-1.5529,-1.5369,-1.5207,-1.5042,-1.4875,-1.4706,-1.4534,-1.436,-1.4183,-1.4005,-1.3824,-1.3641,-1.3456,-1.3269,-1.308,-1.2888,-1.2695,-1.25,-1.2302,-1.2103,-1.1902,-1.1699,-1.1494,-1.1288,-1.1079,-1.0869,-1.0657,-1.0444,-1.0229,-1.0012,-0.97935,-0.95737,-0.93524,-0.91296,-0.89054,-0.86798,-0.84529,-0.82246,-0.79951,-0.77643,-0.75324,-0.72992,-0.7065,-0.68296,-0.65932,-0.63558,-0.61174,-0.58781,-0.56378,-0.53967,-0.51548,-0.49121,-0.46686,-0.44245,-0.41796,-0.39341,-0.36881,-0.34415,-0.31943,-0.29467,-0.26987,-0.24502,-0.22014,-0.19523,-0.17029,-0.14533,-0.12034,-0.095341,-0.070329,-0.045309,-0.020284,0.0047406,0.029762,0.054775,0.079778,0.10476,0.12973,0.15468,0.17959,0.20448,0.22933,0.25414,0.27891,0.30363,0.3283,0.35292,0.37748,0.40198,0.42641,0.45077,0.47506,0.49927,0.5234,0.54745,0.5714,0.59527,0.61904,0.64271,0.66627,0.68973,0.71308,0.73632,0.75943,0.78243,0.8053,0.82805,0.85066,0.87313,0.89547,0.91767,0.93972,0.96162,0.98337,1.005,1.0264,1.0477,1.0688,1.0897,1.1105,1.1311,1.1515,1.1717,1.1918,1.2116,1.2313,1.2508,1.2701,1.2891,1.308,1.3267,1.3452,1.3634,1.3815,1.3993,1.4169,1.4343,1.4515,1.4684,1.4851,1.5016,1.5179,1.5339,1.5497,1.5652,1.5805,1.5956,1.6104,1.6249,1.6392,1.6533,1.6671,1.6806,1.6939,1.7069,1.7196,1.7321,1.7444,1.7563,1.768,1.7794,1.7905,1.8014,1.812,1.8223,1.8323,1.8421,1.8516,1.8607,1.8696,1.8783,1.8866,1.8946,1.9024,1.9099,1.917,1.9239,1.9305,1.9368,1.9428,1.9485,1.9539,1.959,1.9639,1.9684,1.9726,1.9765,1.9802,1.9835,1.9865,1.9893,1.9917,1.9938,1.9957,1.9972,1.9984,1.9994,2,2.0003,2.0004,2.0001,1.9996,1.9987,1.9975,1.9961,1.9943,1.9923,1.9899,1.9873,1.9844,1.9811,1.9776,1.9738,1.9697,1.9653,1.9606,1.9556,1.9504,1.9448,1.939,1.9328,1.9264,1.9197,1.9128,1.9055,1.898,1.8902,1.8821,1.8738,1.8651,1.8562,1.8471,1.8376,1.8279,1.818,1.8077,1.7972,1.7865,1.7755,1.7642,1.7527,1.7409,1.7289,1.7167,1.7042,1.6914,1.6784,1.6652,1.6517,1.638,1.6241,1.6099,1.5956,1.5809,1.5661,1.5511,1.5358,1.5203,1.5046,1.4887,1.4726,1.4563,1.4398,1.4231,1.4061,1.389,1.3717,1.3543,1.3366,1.3187,1.3007,1.2825,1.2641,1.2456,1.2269,1.208,1.189,1.1698,1.1504,1.1309,1.1113,1.0915,1.0716,1.0515,1.0313,1.011,0.99049,0.96989,0.94918,0.92834,0.90739,0.88633,0.86516,0.84388,0.8225,0.80102,0.77945,0.75778,0.73603,0.71419,0.69226,0.67026,0.64819,0.62604,0.60383,0.58155,0.55921,0.53682,0.51437,0.49187,0.46932,0.44673,0.4241,0.40143,0.37873,0.35601,0.33325,0.31048,0.28768,0.26488,0.24206,0.21923,0.1964,0.17356,0.15073,0.12791,0.10509,0.082293,0.059509,0.036745,0.014005,-0.008707,-0.031389,-0.054036,-0.076645,-0.099214,-0.12174,-0.14421,-0.16664,-0.189,-0.21132,-0.23356,-0.25575,-0.27786,-0.2999,-0.32187,-0.34376,-0.36557,-0.38729,-0.40892,-0.43046,-0.45191,-0.47325,-0.4945,-0.51564,-0.53667,-0.55759,-0.5784,-0.59909,-0.61966,-0.64011,-0.66043,-0.68062,-0.70067,-0.72059,-0.74037,-0.76001,-0.77951,-0.79886,-0.81805,-0.8371,-0.85599,-0.87472,-0.89328,-0.91169,-0.92992,-0.94799,-0.96588,-0.9836,-1.0011,-1.0185,-1.0357,-1.0527,-1.0695,-1.0861,-1.1025,-1.1187,-1.1347,-1.1506,-1.1662,-1.1816,-1.1968,-1.2118,-1.2266,-1.2412,-1.2556,-1.2697,-1.2836,-1.2973,-1.3108,-1.3241,-1.3371,-1.3499,-1.3625,-1.3748,-1.3869,-1.3987,-1.4104,-1.4218,-1.4329,-1.4438,-1.4544,-1.4648,-1.475,-1.4849,-1.4946,-1.504,-1.5131,-1.522,-1.5307,-1.5391,-1.5472,-1.5551,-1.5627,-1.57,-1.5771,-1.5839,-1.5905,-1.5968,-1.6028,-1.6086,-1.6141,-1.6193,-1.6242,-1.6289,-1.6333,-1.6375,-1.6413,-1.6449,-1.6483,-1.6513,-1.6541,-1.6566,-1.6589,-1.6608,-1.6625,-1.6639,-1.6651,-1.6659,-1.6665,-1.6668,-1.6669,-1.6666,-1.6661,-1.6654,-1.6643,-1.663,-1.6614,-1.6595,-1.6573,-1.6549,-1.6522,-1.6493,-1.646,-1.6425,-1.6388,-1.6347,-1.6304,-1.6258,-1.621,-1.6159,-1.6105,-1.6048,-1.5989,-1.5928,-1.5863,-1.5797,-1.5727,-1.5655,-1.558,-1.5503,-1.5424,-1.5341,-1.5256,-1.5169,-1.5079,-1.4987,-1.4892,-1.4795,-1.4696,-1.4593,-1.4489,-1.4382,-1.4273,-1.4161,-1.4047,-1.3931,-1.3813,-1.3692,-1.3569,-1.3443,-1.3316,-1.3186,-1.3054,-1.292,-1.2784,-1.2645,-1.2505,-1.2362,-1.2217,-1.2071,-1.1922,-1.1771,-1.1619,-1.1464,-1.1307,-1.1149,-1.0988,-1.0826,-1.0662,-1.0496,-1.0328,-1.0159,-0.99878,-0.98149,-0.96403,-0.94641,-0.92862,-0.91068,-0.89257,-0.87431,-0.8559,-0.83734,-0.81863,-0.79978,-0.78078,-0.76165,-0.74238,-0.72298,-0.70345,-0.68379,-0.66401,-0.6441,-0.62408,-0.60394,-0.5837,-0.56334,-0.54287,-0.5223,-0.50163,-0.48087,-0.46001,-0.43906,-0.41802,-0.39689,-0.37569,-0.3544,-0.33304,-0.31161,-0.29011,-0.26854,-0.24691,-0.22522,-0.20347,-0.18167,-0.15982,-0.13793,-0.11599,-0.094007,-0.071988,-0.049936,-0.027853,-0.0057429,0.016392,0.038547,0.060721,0.082908,0.10511,0.12731,0.14953,0.17174,0.19395,0.21616,0.23835,0.26054,0.28271,0.30487,0.327,0.34911,0.37118,0.39323,0.41525,0.43722,0.45916,0.48105,0.5029,0.52469,0.54643,0.56812,0.58974,0.6113,0.6328,0.65422,0.67557,0.69685,0.71805,0.73916,0.76019,0.78114,0.80199,0.82275,0.84341,0.86396,0.88442,0.90477,0.92501,0.94514,0.96515,0.98504,1.0048,1.0245,1.044,1.0634,1.0826,1.1018,1.1207,1.1396,1.1583,1.1768,1.1952,1.2135,1.2316,1.2495,1.2673,1.2849,1.3024,1.3197,1.3368,1.3537,1.3705,1.3871,1.4035,1.4197,1.4357,1.4516,1.4672,1.4827,1.498,1.513,1.5279,1.5426,1.557,1.5713,1.5853,1.5992,1.6128,1.6262,1.6394,1.6524,1.6652,1.6777,1.69,1.7021,1.714,1.7256,1.737,1.7482,1.7591,1.7698,1.7802,1.7905,1.8004,1.8102,1.8196,1.8289,1.8379,1.8466,1.8551,1.8634,1.8714,1.8791,1.8866,1.8938,1.9008,1.9075,1.9139,1.9201,1.926,1.9317,1.9371,1.9422,1.9471,1.9517,1.956,1.9601,1.9639,1.9674,1.9706,1.9736,1.9764,1.9788,1.981,1.9829,1.9845,1.9858,1.9869,1.9877,1.9883,1.9885,1.9885,1.9882,1.9876,1.9868,1.9857,1.9843,1.9826,1.9806,1.9784,1.9759,1.9732,1.9701,1.9668,1.9632,1.9594,1.9552,1.9508,1.9461,1.9412,1.936,1.9305,1.9247,1.9187,1.9124,1.9058,1.899,1.8919,1.8845,1.8769,1.869,1.8609,1.8524,1.8438,1.8348,1.8257,1.8162,1.8065,1.7966,1.7863,1.7759,1.7652,1.7542,1.743,1.7316,1.7199,1.7079,1.6958,1.6833,1.6707,1.6578,1.6447,1.6313,1.6177,1.6039,1.5898,1.5756,1.5611,1.5463,1.5314,1.5162,1.5009,1.4853,1.4695,1.4535,1.4373,1.4208,1.4042,1.3874,1.3704,1.3531,1.3357,1.3181,1.3003,1.2823,1.2642,1.2458,1.2273,1.2086,1.1897,1.1707,1.1515,1.1321,1.1126,1.0928,1.073,1.053,1.0328,1.0125,0.992,0.97139,0.95064,0.92974,0.90872,0.88756,0.86627,0.84485,0.82331,0.80165,0.77987,0.75798,0.73597,0.71386,0.69164,0.66932,0.6469,0.62439,0.60178,0.57908,0.55629,0.53343,0.51048,0.48745,0.46436,0.44119,0.41795,0.39465,0.37129,0.34787,0.3244,0.30088,0.27731,0.2537,0.23005,0.20636,0.18264,0.15888,0.1351,0.1113,0.08747,0.063629,0.039774,0.015908,-0.0079632,-0.031838,-0.055713,-0.079584,-0.10345,-0.1273,-0.15114,-0.17496,-0.19876,-0.22254,-0.24629,-0.27001,-0.29369,-0.31734,-0.34094,-0.3645,-0.38801,-0.41147,-0.43488,-0.45822,-0.48151,-0.50473,-0.52788,-0.55096,-0.57396,-0.59689,-0.61973,-0.64249,-0.66516,-0.68774,-0.71022,-0.73261,-0.75489,-0.77707,-0.79914,-0.82109,-0.84294,-0.86466,-0.88627,-0.90774,-0.9291,-0.95032,-0.97141,-0.99236,-1.0132,-1.0338,-1.0544,-1.0747,-1.0949,-1.115,-1.1349,-1.1547,-1.1742,-1.1937,-1.2129,-1.232,-1.2509,-1.2696,-1.2881,-1.3065,-1.3246,-1.3426,-1.3604,-1.378,-1.3954,-1.4126,-1.4296,-1.4463,-1.4629,-1.4793,-1.4954,-1.5114,-1.5271,-1.5426,-1.5579,-1.5729,-1.5877,-1.6023,-1.6167,-1.6308,-1.6447,-1.6584,-1.6718,-1.6849,-1.6979,-1.7105,-1.723,-1.7351,-1.7471,-1.7587,-1.7702,-1.7813,-1.7922,-1.8029,-1.8132,-1.8233,-1.8332,-1.8428,-1.8521,-1.8611,-1.8699,-1.8784,-1.8866,-1.8945,-1.9022,-1.9096,-1.9167,-1.9235,-1.93,-1.9363,-1.9422,-1.9479,-1.9533,-1.9584,-1.9632,-1.9678,-1.972,-1.976,-1.9796,-1.983,-1.986,-1.9888,-1.9913,-1.9935,-1.9954,-1.997,-1.9983,-1.9993,-2,-2.0004,-2.0005,-2.0003,-1.9999,-1.9991,-1.998,-1.9966,-1.995,-1.993,-1.9907,-1.9882,-1.9853,-1.9822,-1.9787,-1.975,-1.9709,-1.9666,-1.962,-1.9571,-1.9518,-1.9463,-1.9405,-1.9345,-1.9281,-1.9214,-1.9144,-1.9072,-1.8997,-1.8919,-1.8838,-1.8754,-1.8667,-1.8577,-1.8485,-1.839,-1.8292,-1.8192,-1.8088,-1.7982,-1.7873,-1.7762,-1.7648,-1.7531,-1.7411,-1.7289,-1.7164,-1.7037,-1.6907,-1.6774,-1.6639,-1.6502,-1.6361,-1.6219,-1.6074,-1.5926,-1.5776,-1.5624,-1.5469,-1.5312,-1.5153,-1.4991,-1.4827,-1.466,-1.4492,-1.4321,-1.4148,-1.3973,-1.3796,-1.3616,-1.3435,-1.3251,-1.3065,-1.2878,-1.2688,-1.2497,-1.2303,-1.2108,-1.1911,-1.1711,-1.1511,-1.1308,-1.1103,-1.0897,-1.0689,-1.048,-1.0269,-1.0056,-0.98418,-0.96259,-0.94086,-0.91898,-0.89696,-0.8748,-0.8525,-0.83006,-0.8075,-0.78481,-0.762,-0.73907,-0.71602,-0.69285,-0.66958,-0.64621,-0.62273,-0.59915,-0.57547,-0.55171,-0.52785,-0.50392,-0.4799,-0.4558,-0.43163,-0.4074,-0.38309,-0.35872,-0.3343,-0.30982,-0.28529,-0.26071,-0.23609,-0.21142,-0.18672,-0.16199,-0.13724,-0.11245,-0.087648,-0.062827,-0.037993,-0.013149,0.0117,0.036551,0.061399,0.086242,0.11107,0.13589,0.16069,0.18547,0.21023,0.23495,0.25965,0.2843,0.30892,0.33349,0.35801,0.38248,0.40689,0.43125,0.45554,0.47976,0.50391,0.52799,0.55199,0.57591,0.59973,0.62347,0.64712,0.67067,0.69412,0.71746,0.74069,0.76381,0.78682,0.80971,0.83247,0.85511,0.87761,0.89998,0.92222,0.94431,0.96626,0.98806,1.0097,1.0312,1.0525,1.0737,1.0947,1.1156,1.1362,1.1567,1.1771,1.1972,1.2171,1.2369,1.2565,1.2759,1.295,1.314,1.3328,1.3514,1.3697,1.3879,1.4058,1.4235,1.441,1.4583,1.4753,1.4921,1.5087,1.525,1.5412,1.557,1.5726,1.588,1.6032,1.618,1.6327,1.647,1.6611,1.675,1.6886,1.7019,1.715,1.7278,1.7403,1.7525,1.7645,1.7762,1.7876,1.7987,1.8096,1.8202,1.8304,1.8404,1.8501,1.8596,1.8687,1.8775,1.886,1.8943,1.9022,1.9098,1.9171,1.9242,1.9309,1.9373,1.9434,1.9492,1.9547,1.9599,1.9648,1.9693,1.9736,1.9775,1.9812,1.9845,1.9875,1.9901,1.9925,1.9946,1.9963,1.9977,1.9988,1.9996,2,2.0002,2,1.9995,1.9987,1.9976,1.9961,1.9943,1.9923,1.9898,1.9871,1.9841,1.9807,1.9771,1.9731,1.9688,1.9641,1.9592,1.954,1.9484,1.9425,1.9363,1.9299,1.9231,1.9159,1.9085,1.9008,1.8928,1.8844,1.8758,1.8669,1.8576,1.8481,1.8383,1.8282,1.8177,1.807,1.796,1.7847,1.7731,1.7613,1.7491,1.7367,1.724,1.711,1.6977,1.6842,1.6704,1.6563,1.642,1.6274,1.6125,1.5974,1.582,1.5663,1.5504,1.5343,1.5179,1.5012,1.4843,1.4672,1.4498,1.4322,1.4144,1.3964,1.3781,1.3596,1.3408,1.3219,1.3027,1.2833,1.2638,1.244,1.224,1.2038,1.1834,1.1628,1.1421,1.1211,1.1,1.0786,1.0572,1.0355,1.0137,0.99167,0.96951,0.94719,0.92472,0.9021,0.87933,0.85642,0.83337,0.81018,0.78686,0.76341,0.73983,0.71613,0.69232,0.66839,0.64435,0.62021,0.59597,0.57162,0.54719,0.52266,0.49805,0.47335,0.44858,0.42373,0.39881,0.37383,0.34878,0.32368,0.29852,0.27332,0.24806,0.22277,0.19744,0.17207,0.14668,0.12126,0.09582,0.070363,0.044893,0.019415,-0.0060669,-0.031549,-0.057028,-0.082499,-0.10796,-0.1334,-0.15882,-0.18422,-0.20958,-0.23492,-0.26022,-0.28547,-0.31068,-0.33585,-0.36095,-0.386,-0.41099,-0.43591,-0.46077,-0.48554,-0.51024,-0.53486,-0.55939,-0.58384,-0.60818,-0.63243,-0.65658,-0.68062,-0.70455,-0.72837,-0.75207,-0.77565,-0.7991,-0.82242,-0.84561,-0.86867,-0.89158,-0.91434,-0.93696,-0.95943,-0.98174,-1.0039,-1.0259,-1.0477,-1.0694,-1.0908,-1.1121,-1.1333,-1.1542,-1.1749,-1.1955,-1.2159,-1.236,-1.256,-1.2758,-1.2953,-1.3146,-1.3338,-1.3527,-1.3714,-1.3898,-1.4081,-1.4261,-1.4439,-1.4614,-1.4787,-1.4958,-1.5126,-1.5292,-1.5455,-1.5616,-1.5774,-1.593,-1.6083,-1.6233,-1.6381,-1.6526,-1.6669,-1.6809,-1.6946,-1.708,-1.7211,-1.734,-1.7466,-1.7589,-1.7709,-1.7826,-1.794,-1.8052,-1.816,-1.8266,-1.8368,-1.8468,-1.8564,-1.8658,-1.8748,-1.8836,-1.892,-1.9002,-1.908,-1.9155,-1.9227,-1.9296,-1.9362,-1.9424,-1.9484,-1.954,-1.9593,-1.9643,-1.969,-1.9733,-1.9774,-1.9811,-1.9845,-1.9875,-1.9903,-1.9927,-1.9948,-1.9966,-1.9981,-1.9992,-2,-2.0005,-2.0006,-2.0005,-2,-1.9992,-1.9981,-1.9966,-1.9948,-1.9927,-1.9903,-1.9876,-1.9845,-1.9811,-1.9774,-1.9734,-1.9691,-1.9644,-1.9594,-1.9542,-1.9486,-1.9426,-1.9364,-1.9299,-1.923,-1.9159,-1.9084,-1.9007,-1.8926,-1.8842,-1.8756,-1.8666,-1.8573,-1.8477,-1.8379,-1.8277,-1.8173,-1.8066,-1.7955,-1.7842,-1.7726,-1.7608,-1.7486,-1.7362,-1.7235,-1.7105,-1.6973,-1.6838,-1.67,-1.656,-1.6417,-1.6271,-1.6123,-1.5972,-1.5819,-1.5664,-1.5506,-1.5345,-1.5182,-1.5017,-1.485,-1.468,-1.4508,-1.4333,-1.4157,-1.3978,-1.3797,-1.3614,-1.3429,-1.3242,-1.3053,-1.2862,-1.2669,-1.2474,-1.2277,-1.2079,-1.1878,-1.1676,-1.1472,-1.1266,-1.1059,-1.085,-1.0639,-1.0427,-1.0213,-0.99983,-0.97818,-0.95638,-0.93444,-0.91237,-0.89018,-0.86785,-0.84541,-0.82285,-0.80018,-0.77739,-0.75451,-0.73152,-0.70843,-0.68525,-0.66198,-0.63863,-0.61519,-0.59168,-0.5681,-0.54444,-0.52072,-0.49695,-0.47311,-0.44923,-0.42529,-0.40132,-0.3773,-0.35325,-0.32917,-0.30506,-0.28092,-0.25677,-0.23261,-0.20844,-0.18426,-0.16008,-0.1359,-0.11173,-0.087567,-0.063423,-0.039299,-0.015198,0.0088738,0.032913,0.056916,0.080879,0.1048,0.12866,0.15248,0.17624,0.19993,0.22356,0.24712,0.27061,0.29401,0.31734,0.34058,0.36372,0.38678,0.40973,0.43259,0.45533,0.47797,0.50049,0.52289,0.54518,0.56733,0.58935,0.61125,0.633,0.65461,0.67608,0.6974,0.71856,0.73957,0.76042,0.7811,0.80162,0.82197,0.84214,0.86213,0.88195,0.90158,0.92102,0.94026,0.95932,0.97817,0.99683,1.0153,1.0335,1.0515,1.0694,1.087,1.1043,1.1215,1.1384,1.1551,1.1716,1.1878,1.2038,1.2195,1.2351,1.2503,1.2653,1.2801,1.2946,1.3088,1.3228,1.3366,1.35,1.3632,1.3761,1.3888,1.4012,1.4133,1.4251,1.4367,1.448,1.459,1.4697,1.4801,1.4902,1.5,1.5096,1.5188,1.5278,1.5365,1.5448,1.5529,1.5606,1.5681,1.5752,1.5821,1.5886,1.5949,1.6008,1.6064,1.6117,1.6167,1.6214,1.6257,1.6298,1.6335,1.637,1.6401,1.6429,1.6453,1.6475,1.6493,1.6509,1.6521,1.653,1.6535,1.6538,1.6537,1.6533,1.6526,1.6516,1.6502,1.6486,1.6466,1.6443,1.6417,1.6388,1.6355,1.632,1.6281,1.6239,1.6194,1.6146,1.6095,1.604,1.5983,1.5923,1.5859,1.5792,1.5723,1.565,1.5574,1.5495,1.5414,1.5329,1.5241,1.515,1.5057,1.496,1.4861,1.4758,1.4653,1.4545,1.4434,1.4321,1.4204,1.4085,1.3963,1.3838,1.3711,1.3581,1.3448,1.3313,1.3174,1.3034,1.2891,1.2745,1.2597,1.2446,1.2293,1.2137,1.1979,1.1819,1.1656,1.1491,1.1324,1.1154,1.0982,1.0808,1.0632,1.0453,1.0273,1.009,0.99054,0.97188,0.95301,0.93395,0.91469,0.89525,0.87563,0.85582,0.83583,0.81567,0.79533,0.77483,0.75417,0.73334,0.71236,0.69122,0.66994,0.64851,0.62693,0.60522,0.58337,0.5614,0.53929,0.51706,0.49472,0.47225,0.44968,0.427,0.40421,0.38133,0.35835,0.33527,0.31211,0.28887,0.26555,0.24215,0.21868,0.19514,0.17154,0.14788,0.12416,0.10039,0.07658,0.052724,0.028828,0.0048987,-0.019061,-0.043048,-0.067056,-0.091083,-0.11512,-0.13917,-0.16323,-0.18728,-0.21134,-0.23538,-0.25942,-0.28344,-0.30744,-0.33141,-0.35536,-0.37928,-0.40316,-0.427,-0.45079,-0.47454,-0.49823,-0.52187,-0.54545,-0.56896,-0.5924,-0.61577,-0.63906,-0.66227,-0.6854,-0.70844,-0.73138,-0.75423,-0.77697,-0.79961,-0.82214,-0.84456,-0.86687,-0.88905,-0.91111,-0.93304,-0.95483,-0.9765,-0.99802,-1.0194,-1.0406,-1.0617,-1.0826,-1.1034,-1.124,-1.1445,-1.1647,-1.1849,-1.2048,-1.2245,-1.2441,-1.2635,-1.2827,-1.3017,-1.3205,-1.3391,-1.3575,-1.3757,-1.3937,-1.4115,-1.429,-1.4464,-1.4635,-1.4804,-1.4971,-1.5136,-1.5298,-1.5458,-1.5615,-1.577,-1.5923,-1.6073,-1.6221,-1.6366,-1.6508,-1.6649,-1.6786,-1.6921,-1.7053,-1.7183,-1.731,-1.7434,-1.7556,-1.7675,-1.7791,-1.7904,-1.8014,-1.8122,-1.8227,-1.8329,-1.8428,-1.8524,-1.8618,-1.8708,-1.8796,-1.888,-1.8962,-1.904,-1.9116,-1.9188,-1.9258,-1.9324,-1.9388,-1.9448,-1.9506,-1.956,-1.9611,-1.9659,-1.9704,-1.9746,-1.9785,-1.9821,-1.9853,-1.9883,-1.9909,-1.9932,-1.9952,-1.9969,-1.9982,-1.9993,-2,-2.0004,-2.0005,-2.0003,-1.9998,-1.9989,-1.9977,-1.9962,-1.9944,-1.9923,-1.9899,-1.9871,-1.9841,-1.9807,-1.977,-1.973,-1.9687,-1.9641,-1.9591,-1.9539,-1.9483,-1.9424,-1.9363,-1.9298,-1.923,-1.9159,-1.9085,-1.9008,-1.8928,-1.8845,-1.8759,-1.867,-1.8578,-1.8483,-1.8385,-1.8284,-1.8181,-1.8074,-1.7965,-1.7853,-1.7738,-1.762,-1.7499,-1.7376,-1.7249,-1.7121,-1.6989,-1.6855,-1.6718,-1.6578,-1.6436,-1.6291,-1.6144,-1.5994,-1.5841,-1.5686,-1.5529,-1.5369,-1.5207,-1.5042,-1.4875,-1.4706,-1.4534,-1.436,-1.4183,-1.4005,-1.3824,-1.3641,-1.3456,-1.3269,-1.308,-1.2888,-1.2695,-1.25,-1.2302,-1.2103,-1.1902,-1.1699,-1.1494,-1.1288,-1.1079,-1.0869,-1.0657,-1.0444,-1.0229,-1.0012,-0.97935,-0.95737,-0.93524,-0.91296,-0.89054,-0.86798,-0.84529,-0.82246,-0.79951,-0.77643,-0.75324,-0.72992,-0.7065,-0.68296,-0.65932,-0.63558,-0.61174,-0.58781,-0.56378,-0.53967,-0.51548,-0.49121,-0.46686,-0.44245,-0.41796,-0.39341,-0.36881,-0.34415,-0.31943,-0.29467,-0.26987,-0.24502,-0.22014,-0.19523,-0.17029,-0.14533,-0.12034,-0.095341,-0.070329,-0.045309,-0.020284,0.0047406,0.029762,0.054775,0.079778,0.10476,0.12973,0.15468,0.17959,0.20448,0.22933,0.25414,0.27891,0.30363,0.3283,0.35292,0.37748,0.40198,0.42641,0.45077,0.47506,0.49927,0.5234,0.54745,0.5714,0.59527,0.61904,0.64271,0.66627,0.68973,0.71308,0.73632,0.75943,0.78243,0.8053,0.82805,0.85066,0.87313,0.89547,0.91767,0.93972,0.96162,0.98337,1.005,1.0264,1.0477,1.0688,1.0897,1.1105,1.1311,1.1515,1.1717,1.1918,1.2116,1.2313,1.2508,1.2701,1.2891,1.308,1.3267,1.3452,1.3634,1.3815,1.3993,1.4169,1.4343,1.4515,1.4684,1.4851,1.5016,1.5179,1.5339,1.5497,1.5652,1.5805,1.5956,1.6104,1.6249,1.6392,1.6533,1.6671,1.6806,1.6939,1.7069,1.7196,1.7321,1.7444,1.7563,1.768,1.7794,1.7905,1.8014,1.812,1.8223,1.8323,1.8421,1.8516,1.8607,1.8696,1.8783,1.8866,1.8946,1.9024,1.9099,1.917,1.9239,1.9305,1.9368,1.9428,1.9485,1.9539,1.959,1.9639,1.9684,1.9726,1.9765,1.9802,1.9835,1.9865,1.9893,1.9917,1.9938,1.9957,1.9972,1.9984,1.9994,2,2.0003,2.0004,2.0001,1.9996,1.9987,1.9975,1.9961,1.9943,1.9923,1.9899,1.9873,1.9844,1.9811,1.9776,1.9738,1.9697,1.9653,1.9606,1.9556,1.9504,1.9448,1.939,1.9328,1.9264,1.9197,1.9128,1.9055,1.898,1.8902,1.8821,1.8738,1.8651,1.8562,1.8471,1.8376,1.8279,1.818,1.8077,1.7972,1.7865,1.7755,1.7642,1.7527,1.7409,1.7289,1.7167,1.7042,1.6914,1.6784,1.6652,1.6517,1.638,1.6241,1.6099,1.5956,1.5809,1.5661,1.5511,1.5358,1.5203,1.5046,1.4887,1.4726,1.4563,1.4398,1.4231,1.4061,1.389,1.3717,1.3543,1.3366,1.3187,1.3007,1.2825,1.2641,1.2456,1.2269,1.208,1.189,1.1698,1.1504,1.1309,1.1113,1.0915,1.0716,1.0515,1.0313,1.011,0.99049,0.96989,0.94918,0.92834,0.90739,0.88633,0.86516,0.84388,0.8225,0.80102,0.77945,0.75778,0.73603,0.71419,0.69226,0.67026,0.64819,0.62604,0.60383,0.58155,0.55921,0.53682,0.51437,0.49187,0.46932,0.44673,0.4241,0.40143,0.37873,0.35601,0.33325,0.31048,0.28768,0.26488,0.24206,0.21923,0.1964,0.17356,0.15073,0.12791,0.10509,0.082293,0.059509,0.036745,0.014005,-0.008707,-0.031389,-0.054036,-0.076645,-0.099214,-0.12174,-0.14421,-0.16664,-0.189,-0.21132,-0.23356,-0.25575,-0.27786,-0.2999,-0.32187,-0.34376,-0.36557,-0.38729,-0.40892,-0.43046,-0.45191,-0.47325,-0.4945,-0.51564,-0.53667,-0.55759,-0.5784,-0.59909,-0.61966,-0.64011,-0.66043,-0.68062,-0.70067,-0.72059,-0.74037,-0.76001,-0.77951,-0.79886,-0.81805,-0.8371,-0.85599,-0.87472,-0.89328,-0.91169,-0.92992,-0.94799,-0.96588,-0.9836,-1.0011,-1.0185,-1.0357,-1.0527,-1.0695,-1.0861,-1.1025,-1.1187,-1.1347,-1.1506,-1.1662,-1.1816,-1.1968,-1.2118,-1.2266,-1.2412,-1.2556,-1.2697,-1.2836,-1.2973,-1.3108,-1.3241,-1.3371,-1.3499,-1.3625,-1.3748,-1.3869,-1.3987,-1.4104,-1.4218,-1.4329,-1.4438,-1.4544,-1.4648,-1.475,-1.4849,-1.4946,-1.504,-1.5131,-1.522,-1.5307,-1.5391,-1.5472,-1.5551,-1.5627,-1.57,-1.5771,-1.5839,-1.5905,-1.5968,-1.6028,-1.6086,-1.6141,-1.6193,-1.6242,-1.6289,-1.6333,-1.6375,-1.6413,-1.6449,-1.6483,-1.6513,-1.6541,-1.6566,-1.6589,-1.6608,-1.6625,-1.6639,-1.6651,-1.6659,-1.6665,-1.6668,-1.6669,-1.6666,-1.6661,-1.6654,-1.6643,-1.663,-1.6614,-1.6595,-1.6573,-1.6549,-1.6522,-1.6493,-1.646,-1.6425,-1.6388,-1.6347,-1.6304,-1.6258,-1.621,-1.6159,-1.6105,-1.6048,-1.5989,-1.5928,-1.5863,-1.5797,-1.5727,-1.5655,-1.558,-1.5503,-1.5424,-1.5341,-1.5256,-1.5169,-1.5079,-1.4987,-1.4892,-1.4795,-1.4696,-1.4593,-1.4489,-1.4382,-1.4273,-1.4161,-1.4047,-1.3931,-1.3813,-1.3692,-1.3569,-1.3443,-1.3316,-1.3186,-1.3054,-1.292,-1.2784,-1.2645,-1.2505,-1.2362,-1.2217,-1.2071,-1.1922,-1.1771,-1.1619,-1.1464,-1.1307,-1.1149,-1.0988,-1.0826,-1.0662,-1.0496,-1.0328,-1.0159,-0.99878,-0.98149,-0.96403,-0.94641,-0.92862,-0.91068,-0.89257,-0.87431,-0.8559,-0.83734,-0.81863,-0.79978,-0.78078,-0.76165,-0.74238,-0.72298,-0.70345,-0.68379,-0.66401,-0.6441,-0.62408,-0.60394,-0.5837,-0.56334,-0.54287,-0.5223,-0.50163,-0.48087,-0.46001,-0.43906,-0.41802,-0.39689,-0.37569,-0.3544,-0.33304,-0.31161,-0.29011,-0.26854,-0.24691,-0.22522,-0.20347,-0.18167,-0.15982,-0.13793,-0.11599,-0.094007,-0.071988,-0.049936,-0.027853,-0.0057429,0.016392,0.038547,0.060721,0.082908,0.10511,0.12731,0.14953,0.17174,0.19395,0.21616,0.23835,0.26054,0.28271,0.30487,0.327,0.34911,0.37118,0.39323,0.41525,0.43722,0.45916,0.48105,0.5029,0.52469,0.54643,0.56812,0.58974,0.6113,0.6328,0.65422,0.67557,0.69685,0.71805,0.73916,0.76019,0.78114,0.80199,0.82275,0.84341,0.86396,0.88442,0.90477,0.92501,0.94514,0.96515,0.98504,1.0048,1.0245,1.044,1.0634,1.0826,1.1018,1.1207,1.1396,1.1583,1.1768,1.1952,1.2135,1.2316,1.2495,1.2673,1.2849,1.3024,1.3197,1.3368,1.3537,1.3705,1.3871,1.4035,1.4197,1.4357,1.4516,1.4672,1.4827,1.498,1.513,1.5279,1.5426,1.557,1.5713,1.5853,1.5992,1.6128,1.6262,1.6394,1.6524,1.6652,1.6777,1.69,1.7021,1.714,1.7256,1.737,1.7482,1.7591,1.7698,1.7802,1.7905,1.8004,1.8102,1.8196,1.8289,1.8379,1.8466,1.8551,1.8634,1.8714,1.8791,1.8866,1.8938,1.9008,1.9075,1.9139,1.9201,1.926,1.9317,1.9371,1.9422,1.9471,1.9517,1.956,1.9601,1.9639,1.9674,1.9706,1.9736,1.9764,1.9788,1.981,1.9829,1.9845,1.9858,1.9869,1.9877,1.9883,1.9885,1.9885,1.9882,1.9876,1.9868,1.9857,1.9843,1.9826,1.9806,1.9784,1.9759,1.9732,1.9701,1.9668,1.9632,1.9594,1.9552,1.9508,1.9461,1.9412,1.936,1.9305,1.9247,1.9187,1.9124,1.9058,1.899,1.8919,1.8845,1.8769,1.869,1.8609,1.8524,1.8438,1.8348,1.8257,1.8162,1.8065,1.7966,1.7863,1.7759,1.7652,1.7542,1.743,1.7316,1.7199,1.7079,1.6958,1.6833,1.6707,1.6578,1.6447,1.6313,1.6177,1.6039,1.5898,1.5756,1.5611,1.5463,1.5314,1.5162,1.5009,1.4853,1.4695,1.4535,1.4373,1.4208,1.4042,1.3874,1.3704,1.3531,1.3357,1.3181,1.3003,1.2823,1.2642,1.2458,1.2273,1.2086,1.1897,1.1707,1.1515,1.1321,1.1126,1.0928,1.073,1.053,1.0328,1.0125,0.992,0.97139,0.95064,0.92974,0.90872,0.88756,0.86627,0.84485,0.82331,0.80165,0.77987,0.75798,0.73597,0.71386,0.69164,0.66932,0.6469,0.62439,0.60178,0.57908,0.55629,0.53343,0.51048,0.48745,0.46436,0.44119,0.41795,0.39465,0.37129,0.34787,0.3244,0.30088,0.27731,0.2537,0.23005,0.20636,0.18264,0.15888,0.1351,0.1113,0.08747,0.063629,0.039774,0.015908,-0.0079632,-0.031838,-0.055713,-0.079584,-0.10345,-0.1273,-0.15114,-0.17496,-0.19876,-0.22254,-0.24629,-0.27001,-0.29369,-0.31734,-0.34094,-0.3645,-0.38801,-0.41147,-0.43488,-0.45822,-0.48151,-0.50473,-0.52788,-0.55096,-0.57396,-0.59689,-0.61973,-0.64249,-0.66516,-0.68774,-0.71022,-0.73261,-0.75489,-0.77707,-0.79914,-0.82109,-0.84294,-0.86466,-0.88627,-0.90774,-0.9291,-0.95032,-0.97141,-0.99236,-1.0132,-1.0338,-1.0544,-1.0747,-1.0949,-1.115,-1.1349,-1.1547,-1.1742,-1.1937,-1.2129,-1.232,-1.2509,-1.2696,-1.2881,-1.3065,-1.3246,-1.3426,-1.3604,-1.378,-1.3954,-1.4126,-1.4296,-1.4463,-1.4629,-1.4793,-1.4954,-1.5114,-1.5271,-1.5426,-1.5579,-1.5729,-1.5877,-1.6023,-1.6167,-1.6308,-1.6447,-1.6584,-1.6718,-1.6849,-1.6979,-1.7105,-1.723,-1.7351,-1.7471,-1.7587,-1.7702,-1.7813,-1.7922,-1.8029,-1.8132,-1.8233,-1.8332,-1.8428,-1.8521,-1.8611,-1.8699,-1.8784,-1.8866,-1.8945,-1.9022,-1.9096,-1.9167,-1.9235,-1.93,-1.9363,-1.9422,-1.9479,-1.9533,-1.9584,-1.9632,-1.9678,-1.972,-1.976,-1.9796,-1.983,-1.986,-1.9888,-1.9913,-1.9935,-1.9954,-1.997,-1.9983,-1.9993,-2,-2.0004,-2.0005,-2.0003,-1.9999,-1.9991,-1.998,-1.9966,-1.995,-1.993,-1.9907,-1.9882,-1.9853,-1.9822,-1.9787,-1.975,-1.9709,-1.9666,-1.962,-1.9571,-1.9518,-1.9463,-1.9405,-1.9345,-1.9281,-1.9214,-1.9144,-1.9072,-1.8997,-1.8919,-1.8838,-1.8754,-1.8667,-1.8577,-1.8485,-1.839,-1.8292,-1.8192,-1.8088,-1.7982,-1.7873,-1.7762,-1.7648,-1.7531,-1.7411,-1.7289,-1.7164,-1.7037,-1.6907,-1.6774,-1.6639,-1.6502,-1.6361,-1.6219,-1.6074,-1.5926,-1.5776,-1.5624,-1.5469,-1.5312,-1.5153,-1.4991,-1.4827,-1.466,-1.4492,-1.4321,-1.4148,-1.3973,-1.3796,-1.3616,-1.3435,-1.3251,-1.3065,-1.2878,-1.2688,-1.2497,-1.2303,-1.2108,-1.1911,-1.1711,-1.1511,-1.1308,-1.1103,-1.0897,-1.0689,-1.048,-1.0269,-1.0056,-0.98418,-0.96259,-0.94086,-0.91898,-0.89696,-0.8748,-0.8525,-0.83006,-0.8075,-0.78481,-0.762,-0.73907,-0.71602,-0.69285,-0.66958,-0.64621,-0.62273,-0.59915,-0.57547,-0.55171,-0.52785,-0.50392,-0.4799,-0.4558,-0.43163,-0.4074,-0.38309,-0.35872,-0.3343,-0.30982,-0.28529,-0.26071,-0.23609,-0.21142,-0.18672,-0.16199,-0.13724,-0.11245,-0.087648,-0.062827,-0.037993,-0.013149,0.0117,0.036551,0.061399,0.086242,0.11107,0.13589,0.16069,0.18547,0.21023,0.23495,0.25965,0.2843,0.30892,0.33349,0.35801,0.38248,0.40689,0.43125,0.45554,0.47976,0.50391,0.52799,0.55199,0.57591,0.59973,0.62347,0.64712,0.67067,0.69412,0.71746,0.74069,0.76381,0.78682,0.80971,0.83247,0.85511,0.87761,0.89998,0.92222,0.94431,0.96626,0.98806,1.0097,1.0312,1.0525,1.0737,1.0947,1.1156,1.1362,1.1567,1.1771,1.1972,1.2171,1.2369,1.2565,1.2759,1.295,1.314,1.3328,1.3514,1.3697,1.3879,1.4058,1.4235,1.441,1.4583,1.4753,1.4921,1.5087,1.525,1.5412,1.557,1.5726,1.588,1.6032,1.618,1.6327,1.647,1.6611,1.675,1.6886,1.7019,1.715,1.7278,1.7403,1.7525,1.7645,1.7762,1.7876,1.7987,1.8096,1.8202,1.8304,1.8404,1.8501,1.8596,1.8687,1.8775,1.886,1.8943,1.9022,1.9098,1.9171,1.9242,1.9309,1.9373,1.9434,1.9492,1.9547,1.9599,1.9648,1.9693,1.9736,1.9775,1.9812,1.9845,1.9875,1.9901,1.9925,1.9946,1.9963,1.9977,1.9988,1.9996,2,2.0002,2,1.9995,1.9987,1.9976,1.9961,1.9943,1.9923,1.9898,1.9871,1.9841,1.9807,1.9771,1.9731,1.9688,1.9641,1.9592,1.954,1.9484,1.9425,1.9363,1.9299,1.9231,1.9159,1.9085,1.9008,1.8928,1.8844,1.8758,1.8669,1.8576,1.8481,1.8383,1.8282,1.8177,1.807,1.796,1.7847,1.7731,1.7613,1.7491,1.7367,1.724,1.711,1.6977,1.6842,1.6704,1.6563,1.642,1.6274,1.6125,1.5974,1.582,1.5663,1.5504,1.5343,1.5179,1.5012,1.4843,1.4672,1.4498,1.4322,1.4144,1.3964,1.3781,1.3596,1.3408,1.3219,1.3027,1.2833,1.2638,1.244,1.224,1.2038,1.1834,1.1628,1.1421,1.1211,1.1,1.0786,1.0572,1.0355,1.0137,0.99167,0.96951,0.94719,0.92472,0.9021,0.87933,0.85642,0.83337,0.81018,0.78686,0.76341,0.73983,0.71613,0.69232,0.66839,0.64435,0.62021,0.59597,0.57162,0.54719,0.52266,0.49805,0.47335,0.44858,0.42373,0.39881,0.37383,0.34878,0.32368,0.29852,0.27332,0.24806,0.22277,0.19744,0.17207,0.14668,0.12126,0.09582,0.070363,0.044893,0.019415,-0.0060669,-0.031549,-0.057028,-0.082499,-0.10796,-0.1334,-0.15882,-0.18422,-0.20958,-0.23492,-0.26022,-0.28547,-0.31068,-0.33585,-0.36095,-0.386,-0.41099,-0.43591,-0.46077,-0.48554,-0.51024,-0.53486,-0.55939,-0.58384,-0.60818,-0.63243,-0.65658,-0.68062,-0.70455,-0.72837,-0.75207,-0.77565,-0.7991,-0.82242,-0.84561,-0.86867,-0.89158,-0.91434,-0.93696,-0.95943,-0.98174,-1.0039,-1.0259,-1.0477,-1.0694,-1.0908,-1.1121,-1.1333,-1.1542,-1.1749,-1.1955,-1.2159,-1.236,-1.256,-1.2758,-1.2953,-1.3146,-1.3338,-1.3527,-1.3714,-1.3898,-1.4081,-1.4261,-1.4439,-1.4614,-1.4787,-1.4958,-1.5126,-1.5292,-1.5455,-1.5616,-1.5774,-1.593,-1.6083,-1.6233,-1.6381,-1.6526,-1.6669,-1.6809,-1.6946,-1.708,-1.7211,-1.734,-1.7466,-1.7589,-1.7709,-1.7826,-1.794,-1.8052,-1.816,-1.8266,-1.8368,-1.8468,-1.8564,-1.8658,-1.8748,-1.8836,-1.892,-1.9002,-1.908,-1.9155,-1.9227,-1.9296,-1.9362,-1.9424,-1.9484,-1.954,-1.9593,-1.9643,-1.969,-1.9733,-1.9774,-1.9811,-1.9845,-1.9875,-1.9903,-1.9927,-1.9948,-1.9966,-1.9981,-1.9992,-2,-2.0005,-2.0006,-2.0005,-2,-1.9992,-1.9981,-1.9966,-1.9948,-1.9927,-1.9903,-1.9876,-1.9845,-1.9811,-1.9774,-1.9734,-1.9691,-1.9644,-1.9594,-1.9542,-1.9486,-1.9426,-1.9364,-1.9299,-1.923,-1.9159,-1.9084,-1.9007,-1.8926,-1.8842,-1.8756,-1.8666,-1.8573,-1.8477,-1.8379,-1.8277,-1.8173,-1.8066,-1.7955,-1.7842,-1.7726,-1.7608,-1.7486,-1.7362,-1.7235,-1.7105,-1.6973,-1.6838,-1.67,-1.656,-1.6417,-1.6271,-1.6123,-1.5972,-1.5819,-1.5664,-1.5506,-1.5345,-1.5182,-1.5017,-1.485,-1.468,-1.4508,-1.4333,-1.4157,-1.3978,-1.3797,-1.3614,-1.3429,-1.3242,-1.3053,-1.2862,-1.2669,-1.2474,-1.2277,-1.2079,-1.1878,-1.1676,-1.1472,-1.1266,-1.1059,-1.085,-1.0639,-1.0427,-1.0213,-0.99983,-0.97818,-0.95638,-0.93444,-0.91237,-0.89018,-0.86785,-0.84541,-0.82285,-0.80018,-0.77739,-0.75451,-0.73152,-0.70843,-0.68525,-0.66198,-0.63863,-0.61519,-0.59168,-0.5681,-0.54444,-0.52072,-0.49695,-0.47311,-0.44923,-0.42529,-0.40132,-0.3773,-0.35325,-0.32917,-0.30506,-0.28092,-0.25677,-0.23261,-0.20844,-0.18426,-0.16008,-0.1359,-0.11173,-0.087567,-0.063423,-0.039299,-0.015198
1.8498,1.8544,1.8588,1.8628,1.8665,1.8698,1.8729,1.8756,1.878,1.8801,1.8819,1.8833,1.8844,1.8852,1.8856,1.8857,1.8855,1.8849,1.884,1.8827,1.8811,1.8792,1.8769,1.8743,1.8713,1.868,1.8643,1.8603,1.856,1.8513,1.8463,1.8409,1.8352,1.8291,1.8227,1.8159,1.8088,1.8014,1.7936,1.7855,1.777,1.7682,1.759,1.7495,1.7397,1.7295,1.719,1.7082,1.697,1.6855,1.6737,1.6615,1.649,1.6362,1.6231,1.6096,1.5959,1.5818,1.5674,1.5526,1.5376,1.5223,1.5066,1.4907,1.4744,1.4578,1.441,1.4239,1.4064,1.3887,1.3707,1.3524,1.3339,1.315,1.2959,1.2765,1.2569,1.237,1.2168,1.1964,1.1758,1.1548,1.1337,1.1123,1.0907,1.0688,1.0467,1.0244,1.0019,0.97915,0.9562,0.93304,0.90968,0.88612,0.86237,0.83843,0.8143,0.79,0.76552,0.74088,0.71606,0.69109,0.66596,0.64069,0.61526,0.5897,0.564,0.53817,0.51221,0.48613,0.45994,0.43364,0.40723,0.38072,0.35412,0.32743,0.30066,0.2738,0.24688,0.21988,0.19283,0.16571,0.13855,0.11134,0.084086,0.056799,0.029483,0.0021431,-0.025216,-0.052587,-0.079966,-0.10735,-0.13472,-0.16209,-0.18944,-0.21678,-0.24408,-0.27136,-0.2986,-0.32579,-0.35294,-0.38003,-0.40706,-0.43403,-0.46093,-0.48775,-0.51449,-0.54114,-0.5677,-0.59417,-0.62053,-0.64678,-0.67291,-0.69893,-0.72482,-0.75058,-0.7762,-0.80169,-0.82703,-0.85221,-0.87724,-0.90211,-0.92681,-0.95134,-0.97569,-0.99986,-1.0238,-1.0476,-1.0712,-1.0946,-1.1178,-1.1408,-1.1635,-1.1861,-1.2084,-1.2304,-1.2523,-1.2739,-1.2952,-1.3164,-1.3372,-1.3578,-1.3782,-1.3982,-1.418,-1.4376,-1.4568,-1.4758,-1.4945,-1.5129,-1.531,-1.5488,-1.5663,-1.5835,-1.6004,-1.617,-1.6332,-1.6492,-1.6648,-1.6801,-1.6951,-1.7097,-1.7241,-1.738,-1.7517,-1.765,-1.7779,-1.7905,-1.8028,-1.8147,-1.8263,-1.8375,-1.8483,-1.8588,-1.8689,-1.8786,-1.888,-1.897,-1.9057,-1.914,-1.9219,-1.9294,-1.9366,-1.9433,-1.9497,-1.9557,-1.9614,-1.9666,-1.9715,-1.976,-1.9801,-1.9838,-1.9872,-1.9901,-1.9927,-1.9949,-1.9967,-1.9981,-1.9991,-1.9997,-2,-1.9999,-1.9994,-1.9985,-1.9972,-1.9955,-1.9934,-1.991,-1.9882,-1.985,-1.9814,-1.9775,-1.9732,-1.9685,-1.9634,-1.9579,-1.9521,-1.9459,-1.9394,-1.9325,-1.9252,-1.9175,-1.9095,-1.9012,-1.8924,-1.8834,-1.8739,-1.8642,-1.8541,-1.8436,-1.8328,-1.8217,-1.8102,-1.7984,-1.7863,-1.7738,-1.761,-1.7479,-1.7345,-1.7208,-1.7067,-1.6924,-1.6778,-1.6628,-1.6476,-1.6321,-1.6162,-1.6001,-1.5838,-1.5671,-1.5502,-1.533,-1.5155,-1.4978,-1.4799,-1.4616,-1.4432,-1.4245,-1.4055,-1.3864,-1.367,-1.3473,-1.3275,-1.3074,-1.2872,-1.2667,-1.246,-1.2252,-1.2041,-1.1829,-1.1615,-1.1399,-1.1182,-1.0963,-1.0742,-1.052,-1.0296,-1.0071,-0.98447,-0.9617,-0.9388,-0.91578,-0.89264,-0.8694,-0.84605,-0.8226,-0.79906,-0.77544,-0.75173,-0.72795,-0.7041,-0.68018,-0.65621,-0.63218,-0.6081,-0.58399,-0.55983,-0.53565,-0.51144,-0.48721,-0.46297,-0.43872,-0.41447,-0.39022,-0.36598,-0.34176,-0.31756,-0.29338,-0.26923,-0.24513,-0.22106,-0.19705,-0.17309,-0.14918,-0.12535,-0.10158,-0.077893,-0.054286,-0.030766,-0.0073386,0.01599,0.039216,0.062333,0.085335,0.10822,0.13098,0.1536,0.1761,0.19845,0.22066,0.24272,0.26462,0.28636,0.30794,0.32934,0.35057,0.37162,0.39249,0.41316,0.43365,0.45393,0.47401,0.49388,0.51354,0.53299,0.55221,0.57121,0.58998,0.60851,0.62681,0.64486,0.66267,0.68023,0.69754,0.71459,0.73137,0.7479,0.76415,0.78013,0.79584,0.81127,0.82642,0.84128,0.85585,0.87013,0.88412,0.89781,0.9112,0.92428,0.93706,0.94954,0.9617,0.97354,0.98508,0.99629,1.0072,1.0178,1.028,1.0379,1.0475,1.0568,1.0657,1.0743,1.0825,1.0905,1.098,1.1053,1.1122,1.1187,1.125,1.1308,1.1364,1.1415,1.1464,1.1509,1.155,1.1588,1.1622,1.1653,1.1681,1.1705,1.1725,1.1742,1.1755,1.1765,1.1772,1.1775,1.1774,1.177,1.1763,1.1752,1.1738,1.172,1.1699,1.1674,1.1646,1.1615,1.158,1.1542,1.15,1.1456,1.1407,1.1356,1.1301,1.1243,1.1182,1.1118,1.105,1.0979,1.0905,1.0828,1.0748,1.0664,1.0578,1.0489,1.0396,1.0301,1.0203,1.0102,0.99976,0.98907,0.9781,0.96685,0.95533,0.94353,0.93147,0.91914,0.90656,0.89371,0.88062,0.86727,0.85368,0.83985,0.82578,0.81148,0.79695,0.78219,0.76722,0.75203,0.73662,0.72101,0.7052,0.68919,0.67298,0.65659,0.64001,0.62325,0.60631,0.58921,0.57194,0.55451,0.53692,0.51918,0.5013,0.48328,0.46512,0.44683,0.42841,0.40988,0.39123,0.37247,0.35361,0.33464,0.31559,0.29644,0.27721,0.25791,0.23853,0.21908,0.19958,0.18001,0.1604,0.14074,0.12104,0.10131,0.081548,0.061763,0.04196,0.022146,0.0023248,-0.017497,-0.037315,-0.057123,-0.076915,-0.096687,-0.11643,-0.13614,-0.15582,-0.17545,-0.19504,-0.21457,-0.23404,-0.25344,-0.27278,-0.29204,-0.31121,-0.33031,-0.34931,-0.36821,-0.38701,-0.4057,-0.42428,-0.44274,-0.46108,-0.47929,-0.49737,-0.5153,-0.5331,-0.55074,-0.56823,-0.58556,-0.60273,-0.61973,-0.63655,-0.6532,-0.66966,-0.68594,-0.70202,-0.71791,-0.7336,-0.74908,-0.76434,-0.7794,-0.79423,-0.80884,-0.82323,-0.83738,-0.85129,-0.86497,-0.8784,-0.89158,-0.90451,-0.91719,-0.9296,-0.94175,-0.95364,-0.96525,-0.97659,-0.98766,-0.99844,-1.0089,-1.0191,-1.0291,-1.0387,-1.048,-1.0571,-1.0658,-1.0742,-1.0823,-1.0901,-1.0976,-1.1048,-1.1116,-1.1182,-1.1244,-1.1303,-1.1359,-1.1411,-1.146,-1.1506,-1.1548,-1.1587,-1.1623,-1.1655,-1.1684,-1.1709,-1.1731,-1.175,-1.1765,-1.1777,-1.1785,-1.179,-1.1791,-1.1789,-1.1783,-1.1774,-1.1761,-1.1745,-1.1725,-1.1702,-1.1675,-1.1645,-1.1611,-1.1574,-1.1533,-1.1488,-1.1441,-1.1389,-1.1335,-1.1276,-1.1215,-1.115,-1.1081,-1.1009,-1.0934,-1.0855,-1.0773,-1.0687,-1.0598,-1.0506,-1.041,-1.0311,-1.0209,-1.0103,-0.99946,-0.98826,-0.97674,-0.9649,-0.95275,-0.94028,-0.92751,-0.91442,-0.90103,-0.88734,-0.87334,-0.85905,-0.84447,-0.82959,-0.81443,-0.79898,-0.78325,-0.76724,-0.75096,-0.73441,-0.71759,-0.70051,-0.68317,-0.66557,-0.64772,-0.62963,-0.61128,-0.5927,-0.57389,-0.55484,-0.53556,-0.51606,-0.49634,-0.47641,-0.45627,-0.43592,-0.41537,-0.39463,-0.37369,-0.35257,-0.33127,-0.30979,-0.28813,-0.26631,-0.24433,-0.22219,-0.1999,-0.17746,-0.15488,-0.13217,-0.10932,-0.086345,-0.063251,-0.040041,-0.016721,0.0067029,0.030226,0.053844,0.077549,0.10134,0.1252,0.14914,0.17314,0.19721,0.22132,0.24549,0.2697,0.29395,0.31823,0.34254,0.36687,0.39121,0.41556,0.43992,0.46427,0.48862,0.51295,0.53726,0.56155,0.5858,0.61002,0.6342,0.65833,0.6824,0.70642,0.73037,0.75424,0.77805,0.80176,0.8254,0.84893,0.87237,0.8957,0.91893,0.94203,0.96502,0.98787,1.0106,1.0332,1.0556,1.0779,1.1001,1.122,1.1439,1.1655,1.187,1.2083,1.2294,1.2503,1.271,1.2915,1.3118,1.3319,1.3518,1.3714,1.3909,1.4101,1.4291,1.4478,1.4663,1.4845,1.5025,1.5202,1.5377,1.5549,1.5718,1.5885,1.6048,1.6209,1.6367,1.6522,1.6675,1.6824,1.697,1.7113,1.7253,1.739,1.7524,1.7654,1.7781,1.7905,1.8026,1.8144,1.8258,1.8368,1.8476,1.8579,1.868,1.8777,1.887,1.896,1.9046,1.9129,1.9208,1.9283,1.9355,1.9423,1.9487,1.9548,1.9605,1.9658,1.9707,1.9753,1.9795,1.9833,1.9867,1.9898,1.9924,1.9947,1.9966,1.9981,1.9993,2,2.0004,2.0003,1.9999,1.9991,1.9979,1.9963,1.9943,1.992,1.9892,1.9861,1.9826,1.9787,1.9744,1.9697,1.9646,1.9592,1.9534,1.9472,1.9406,1.9336,1.9263,1.9186,1.9105,1.9021,1.8932,1.884,1.8745,1.8646,1.8543,1.8436,1.8326,1.8213,1.8095,1.7975,1.7851,1.7723,1.7592,1.7458,1.732,1.7179,1.7034,1.6887,1.6736,1.6582,1.6424,1.6264,1.61,1.5934,1.5764,1.5591,1.5416,1.5237,1.5056,1.4871,1.4684,1.4494,1.4302,1.4107,1.3909,1.3708,1.3505,1.33,1.3092,1.2881,1.2669,1.2454,1.2236,1.2017,1.1795,1.1571,1.1345,1.1118,1.0888,1.0656,1.0422,1.0187,0.99499,0.9711,0.94705,0.92284,0.89848,0.87397,0.84931,0.82452,0.7996,0.77455,0.74938,0.7241,0.69871,0.67321,0.64762,0.62194,0.59617,0.57032,0.5444,0.5184,0.49235,0.46624,0.44008,0.41388,0.38763,0.36136,0.33506,0.30873,0.2824,0.25605,0.2297,0.20336,0.17702,0.1507,0.1244,0.098128,0.071889,0.045689,0.019533,-0.0065708,-0.032618,-0.058603,-0.084518,-0.11036,-0.13612,-0.16179,-0.18738,-0.21286,-0.23824,-0.26351,-0.28867,-0.3137,-0.33861,-0.36339,-0.38803,-0.41252,-0.43687,-0.46106,-0.48509,-0.50896,-0.53265,-0.55617,-0.57951,-0.60266,-0.62562,-0.64838,-0.67094,-0.69329,-0.71543,-0.73735,-0.75905,-0.78052,-0.80176,-0.82276,-0.84352,-0.86404,-0.8843,-0.90431,-0.92406,-0.94354,-0.96276,-0.9817,-1.0004,-1.0187,-1.0368,-1.0546,-1.0722,-1.0894,-1.1063,-1.1229,-1.1392,-1.1552,-1.1709,-1.1862,-1.2012,-1.2159,-1.2303,-1.2444,-1.2581,-1.2714,-1.2845,-1.2971,-1.3095,-1.3214,-1.3331,-1.3444,-1.3553,-1.3658,-1.376,-1.3858,-1.3953,-1.4044,-1.4131,-1.4215,-1.4295,-1.4371,-1.4443,-1.4511,-1.4576,-1.4637,-1.4694,-1.4747,-1.4796,-1.4842,-1.4884,-1.4921,-1.4955,-1.4985,-1.5011,-1.5033,-1.5052,-1.5066,-1.5077,-1.5083,-1.5086,-1.5085,-1.5079,-1.507,-1.5058,-1.5041,-1.502,-1.4996,-1.4967,-1.4935,-1.4899,-1.4859,-1.4815,-1.4768,-1.4716,-1.4661,-1.4602,-1.4539,-1.4473,-1.4403,-1.4329,-1.4252,-1.417,-1.4086,-1.3997,-1.3905,-1.381,-1.3711,-1.3608,-1.3502,-1.3392,-1.3279,-1.3163,-1.3043,-1.292,-1.2793,-1.2664,-1.2531,-1.2394,-1.2255,-1.2112,-1.1967,-1.1818,-1.1666,-1.1511,-1.1354,-1.1193,-1.1029,-1.0863,-1.0694,-1.0522,-1.0347,-1.017,-0.99896,-0.9807,-0.96219,-0.94342,-0.92441,-0.90516,-0.88567,-0.86596,-0.84601,-0.82585,-0.80547,-0.78488,-0.76408,-0.74308,-0.72188,-0.7005,-0.67893,-0.65717,-0.63525,-0.61315,-0.59089,-0.56847,-0.54589,-0.52317,-0.50031,-0.47731,-0.45418,-0.43092,-0.40754,-0.38405,-0.36045,-0.33674,-0.31294,-0.28905,-0.26507,-0.24102,-0.21689,-0.19269,-0.16843,-0.14411,-0.11974,-0.095328,-0.070877,-0.046394,-0.021884,0.0026467,0.027192,0.051747,0.076304,0.10086,0.1254,0.14994,0.17444,0.19893,0.22338,0.24779,0.27216,0.29648,0.32074,0.34493,0.36907,0.39312,0.4171,0.44099,0.46479,0.4885,0.5121,0.53559,0.55897,0.58223,0.60537,0.62837,0.65124,0.67396,0.69654,0.71897,0.74123,0.76334,0.78527,0.80703,0.82861,0.85001,0.87122,0.89223,0.91304,0.93365,0.95404,0.97422,0.99418,1.0139,1.0334,1.0527,1.0717,1.0905,1.1091,1.1274,1.1454,1.1632,1.1807,1.1979,1.2149,1.2315,1.248,1.2641,1.2799,1.2954,1.3107,1.3256,1.3402,1.3545,1.3685,1.3822,1.3956,1.4087,1.4214,1.4338,1.4458,1.4576,1.469,1.48,1.4907,1.5011,1.5111,1.5208,1.5301,1.5391,1.5477,1.5559,1.5638,1.5713,1.5784,1.5852,1.5916,1.5977,1.6034,1.6087,1.6136,1.6181,1.6223,1.6261,1.6295,1.6325,1.6352,1.6374,1.6393,1.6408,1.6419,1.6427,1.643,1.643,1.6425,1.6417,1.6405,1.6389,1.637,1.6346,1.6319,1.6288,1.6253,1.6214,1.6171,1.6125,1.6075,1.6021,1.5963,1.5901,1.5836,1.5767,1.5694,1.5617,1.5537,1.5453,1.5366,1.5274,1.518,1.5081,1.4979,1.4873,1.4764,1.4652,1.4536,1.4416,1.4293,1.4167,1.4037,1.3904,1.3767,1.3627,1.3484,1.3338,1.3188,1.3036,1.288,1.2721,1.2559,1.2394,1.2226,1.2055,1.1881,1.1704,1.1524,1.1342,1.1157,1.0969,1.0778,1.0585,1.0389,1.019,0.99894,0.97859,0.958,0.93717,0.91611,0.89482,0.8733,0.85157,0.82961,0.80745,0.78508,0.76251,0.73975,0.71679,0.69365,0.67033,0.64683,0.62316,0.59932,0.57532,0.55117,0.52687,0.50243,0.47784,0.45312,0.42827,0.4033,0.37821,0.353,0.32769,0.30228,0.27677,0.25117,0.22549,0.19973,0.17389,0.14798,0.12201,0.095981,0.069902,0.043775,0.017608,-0.0085943,-0.034826,-0.061082,-0.087357,-0.11364,-0.13994,-0.16624,-0.19253,-0.21881,-0.24508,-0.27133,-0.29755,-0.32374,-0.34989,-0.376,-0.40206,-0.42807,-0.45402,-0.47991,-0.50572,-0.53146,-0.55712,-0.58269,-0.60818,-0.63356,-0.65885,-0.68402,-0.70909,-0.73403,-0.75886,-0.78356,-0.80812,-0.83255,-0.85683,-0.88097,-0.90495,-0.92878,-0.95244,-0.97594,-0.99927,-1.0224,-1.0454,-1.0682,-1.0908,-1.1132,-1.1354,-1.1574,-1.1791,-1.2007,-1.2221,-1.2432,-1.2641,-1.2848,-1.3053,-1.3255,-1.3455,-1.3652,-1.3847,-1.4039,-1.4229,-1.4416,-1.4601,-1.4783,-1.4962,-1.5138,-1.5312,-1.5483,-1.5651,-1.5816,-1.5979,-1.6138,-1.6295,-1.6448,-1.6599,-1.6746,-1.6891,-1.7032,-1.7171,-1.7306,-1.7438,-1.7567,-1.7693,-1.7816,-1.7935,-1.8051,-1.8164,-1.8274,-1.838,-1.8483,-1.8583,-1.8679,-1.8772,-1.8862,-1.8948,-1.9031,-1.9111,-1.9187,-1.926,-1.933,-1.9396,-1.9458,-1.9517,-1.9573,-1.9625,-1.9674,-1.972,-1.9762,-1.98,-1.9835,-1.9867,-1.9896,-1.992,-1.9942,-1.996,-1.9975,-1.9986,-1.9994,-1.9998,-1.9999,-1.9997,-1.9991,-1.9982,-1.997,-1.9954,-1.9935,-1.9913,-1.9887,-1.9859,-1.9827,-1.9791,-1.9753,-1.9711,-1.9666,-1.9618,-1.9567,-1.9513,-1.9456,-1.9395,-1.9332,-1.9265,-1.9196,-1.9123,-1.9048,-1.897,-1.8889,-1.8805,-1.8718,-1.8628,-1.8536,-1.8441,-1.8343,-1.8242,-1.8139,-1.8033,-1.7925,-1.7814,-1.77,-1.7585,-1.7466,-1.7345,-1.7222,-1.7097,-1.6969,-1.6839,-1.6707,-1.6572,-1.6436,-1.6297,-1.6157,-1.6014,-1.5869,-1.5722,-1.5574,-1.5424,-1.5271,-1.5117,-1.4962,-1.4804,-1.4645,-1.4485,-1.4322,-1.4159,-1.3994,-1.3827,-1.3659,-1.349,-1.3319,-1.3148,-1.2975,-1.28,-1.2625,-1.2449,-1.2272,-1.2093,-1.1914,-1.1734,-1.1553,-1.1372,-1.1189,-1.1006,-1.0823,-1.0638,-1.0454,-1.0268,-1.0083,-0.98964,-0.97099,-0.95231,-0.9336,-0.91488,-0.89613,-0.87738,-0.85862,-0.83985,-0.82109,-0.80233,-0.78359,-0.76486,-0.74615,-0.72747,-0.70881,-0.69019,-0.67161,-0.65307,-0.63457,-0.61613,-0.59775,-0.57942,-0.56116,-0.54297,-0.52485,-0.50681,-0.48884,-0.47097,-0.45318,-0.43549,-0.4179,-0.4004,-0.38302,-0.36574,-0.34857,-0.33153,-0.3146,-0.2978,-0.28113,-0.26458,-0.24818,-0.23191,-0.21579,-0.19981,-0.18398,-0.16831,-0.15279,-0.13743,-0.12223,-0.1072,-0.092337,-0.077646,-0.06313,-0.048791,-0.034633,-0.020658,-0.0068691,0.0067311,0.02014,0.033355,0.046374,0.059194,0.071813,0.084229,0.096439,0.10844,0.12023,0.13182,0.14318,0.15433,0.16527,0.17598,0.18647,0.19675,0.20679,0.21661,0.22621,0.23557,0.24471,0.25361,0.26228,0.27072,0.27893,0.2869,0.29463,0.30213,0.30939,0.31641,0.3232,0.32974,0.33604,0.34211,0.34793,0.35352,0.35886,0.36396,0.36883,0.37345,0.37783,0.38197,0.38587,0.38953,0.39295,0.39613,0.39908,0.40179,0.40426,0.40649,0.40849,0.41026,0.41179,0.41309,0.41416,0.415,0.41561,0.41599,0.41615,0.41608,0.41579,0.41527,0.41454,0.41359,0.41243,0.41104,0.40945,0.40765,0.40563,0.40341,0.40099,0.39836,0.39554,0.39251,0.38929,0.38588,0.38228,0.37849,0.37451,0.37035,0.36601,0.3615,0.35681,0.35194,0.34691,0.34172,0.33636,0.33084,0.32516,0.31933,0.31335,0.30722,0.30095,0.29454,0.28799,0.28131,0.27449,0.26755,0.26049,0.2533,0.246,0.23859,0.23106,0.22343,0.2157,0.20787,0.19995,0.19193,0.18383,0.17564,0.16738,0.15904,0.15062,0.14214,0.1336,0.12499,0.11633,0.10762,0.098858,0.090053,0.081208,0.072326,0.063412,0.05447,0.045504,0.036518,0.027516,0.018503,0.0094808,0.00045531,-0.0085699,-0.017591,-0.026603,-0.035604,-0.044587,-0.05355,-0.062489,-0.071399,-0.080276,-0.089117,-0.097917,-0.10667,-0.11538,-0.12403,-0.13263,-0.14117,-0.14964,-0.15805,-0.16638,-0.17464,-0.18282,-0.19091,-0.19892,-0.20683,-0.21465,-0.22237,-0.22999,-0.23751,-0.24491,-0.2522,-0.25938,-0.26643,-0.27336,-0.28017,-0.28684,-0.29338,-0.29978,-0.30604,-0.31216,-0.31813,-0.32396,-0.32962,-0.33514,-0.34049,-0.34568,-0.35071,-0.35556,-0.36025,-0.36476,-0.3691,-0.37326,-0.37723,-0.38102,-0.38463,-0.38804,-0.39127,-0.3943,-0.39713,-0.39976,-0.4022,-0.40443,-0.40645,-0.40827,-0.40988,-0.41128,-0.41246,-0.41343,-0.41419,-0.41472,-0.41504,-0.41514,-0.41501,-0.41466,-0.41408,-0.41328,-0.41225,-0.411,-0.40951,-0.40779,-0.40584,-0.40366,-0.40124,-0.39859,-0.39571,-0.39259,-0.38924,-0.38564,-0.38182,-0.37775,-0.37345,-0.36892,-0.36414,-0.35913,-0.35388,-0.34839,-0.34267,-0.33671,-0.33052,-0.32408,-0.31742,-0.31052,-0.30338,-0.29602,-0.28842,-0.28058,-0.27252,-0.26423,-0.25571,-0.24696,-0.23799,-0.22879,-0.21936,-0.20972,-0.19985,-0.18977,-0.17946,-0.16895,-0.15821,-0.14727,-0.13611,-0.12475,-0.11318,-0.1014,-0.089426,-0.07725,-0.064875,-0.052305,-0.039542,-0.026589,-0.013448,-0.00012177,0.013387,0.027076,0.040943,0.054983,0.069195,0.083576,0.098122,0.11283,0.1277,0.14272,0.1579,0.17322,0.1887,0.20431,0.22007,0.23596,0.25198,0.26813,0.28441,0.30081,0.31733,0.33396,0.3507,0.36755,0.3845,0.40155,0.41869,0.43592,0.45325,0.47065,0.48813,0.50569,0.52331,0.541,0.55876,0.57657,0.59443,0.61234,0.6303,0.64829,0.66632,0.68439,0.70247,0.72058,0.73871,0.75685,0.775,0.79316,0.81131,0.82946,0.84759,0.86571,0.88382,0.9019,0.91995,0.93797,0.95595,0.97388,0.99177,1.0096,1.0274,1.0451,1.0628,1.0804,1.0979,1.1153,1.1326,1.1499,1.1671,1.1841,1.2011,1.2179,1.2347,1.2513,1.2678,1.2842,1.3004,1.3165,1.3325,1.3483,1.364,1.3795,1.3949,1.4101,1.4251,1.44,1.4547,1.4692,1.4835,1.4977,1.5116,1.5254,1.5389,1.5523,1.5654,1.5783,1.5911,1.6035,1.6158,1.6279,1.6397,1.6512,1.6626,1.6737,1.6845,1.6951,1.7055,1.7156,1.7254,1.735,1.7443,1.7533,1.7621,1.7705,1.7787,1.7867,1.7943,1.8017,1.8087,1.8155,1.822,1.8281,1.834,1.8396,1.8448,1.8498,1.8544,1.8588,1.8628,1.8665,1.8698,1.8729,1.8756,1.878,1.8801,1.8819,1.8833,1.8844,1.8852,1.8856,1.8857,1.8855,1.8849,1.884,1.8827,1.8811,1.8792,1.8769,1.8743,1.8713,1.868,1.8643,1.8603,1.856,1.8513,1.8463,1.8409,1.8352,1.8291,1.8227,1.8159,1.8088,1.8014,1.7936,1.7855,1.777,1.7682,1.759,1.7495,1.7397,1.7295,1.719,1.7082,1.697,1.6855,1.6737,1.6615,1.649,1.6362,1.6231,1.6096,1.5959,1.5818,1.5674,1.5526,1.5376,1.5223,1.5066,1.4907,1.4744,1.4578,1.441,1.4239,1.4064,1.3887,1.3707,1.3524,1.3339,1.315,1.2959,1.2765,1.2569,1.237,1.2168,1.1964,1.1758,1.1548,1.1337,1.1123,1.0907,1.0688,1.0467,1.0244,1.0019,0.97915,0.9562,0.93304,0.90968,0.88612,0.86237,0.83843,0.8143,0.79,0.76552,0.74088,0.71606,0.69109,0.66596,0.64069,0.61526,0.5897,0.564,0.53817,0.51221,0.48613,0.45994,0.43364,0.40723,0.38072,0.35412,0.32743,0.30066,0.2738,0.24688,0.21988,0.19283,0.16571,0.13855,0.11134,0.084086,0.056799,0.029483,0.0021431,-0.025216,-0.052587,-0.079966,-0.10735,-0.13472,-0.16209,-0.18944,-0.21678,-0.24408,-0.27136,-0.2986,-0.32579,-0.35294,-0.38003,-0.40706,-0.43403,-0.46093,-0.48775,-0.51449,-0.54114,-0.5677,-0.59417,-0.62053,-0.64678,-0.67291,-0.69893,-0.72482,-0.75058,-0.7762,-0.80169,-0.82703,-0.85221,-0.87724,-0.90211,-0.92681,-0.95134,-0.97569,-0.99986,-1.0238,-1.0476,-1.0712,-1.0946,-1.1178,-1.1408,-1.1635,-1.1861,-1.2084,-1.2304,-1.2523,-1.2739,-1.2952,-1.3164,-1.3372,-1.3578,-1.3782,-1.3982,-1.418,-1.4376,-1.4568,-1.4758,-1.4945,-1.5129,-1.531,-1.5488,-1.5663,-1.5835,-1.6004,-1.617,-1.6332,-1.6492,-1.6648,-1.6801,-1.6951,-1.7097,-1.7241,-1.738,-1.7517,-1.765,-1.7779,-1.7905,-1.8028,-1.8147,-1.8263,-1.8375,-1.8483,-1.8588,-1.8689,-1.8786,-1.888,-1.897,-1.9057,-1.914,-1.9219,-1.9294,-1.9366,-1.9433,-1.9497,-1.9557,-1.9614,-1.9666,-1.9715,-1.976,-1.9801,-1.9838,-1.9872,-1.9901,-1.9927,-1.9949,-1.9967,-1.9981,-1.9991,-1.9997,-2,-1.9999,-1.9994,-1.9985,-1.9972,-1.9955,-1.9934,-1.991,-1.9882,-1.985,-1.9814,-1.9775,-1.9732,-1.9685,-1.9634,-1.9579,-1.9521,-1.9459,-1.9394,-1.9325,-1.9252,-1.9175,-1.9095,-1.9012,-1.8924,-1.8834,-1.8739,-1.8642,-1.8541,-1.8436,-1.8328,-1.8217,-1.8102,-1.7984,-1.7863,-1.7738,-1.761,-1.7479,-1.7345,-1.7208,-1.7067,-1.6924,-1.6778,-1.6628,-1.6476,-1.6321,-1.6162,-1.6001,-1.5838,-1.5671,-1.5502,-1.533,-1.5155,-1.4978,-1.4799,-1.4616,-1.4432,-1.4245,-1.4055,-1.3864,-1.367,-1.3473,-1.3275,-1.3074,-1.2872,-1.2667,-1.246,-1.2252,-1.2041,-1.1829,-1.1615,-1.1399,-1.1182,-1.0963,-1.0742,-1.052,-1.0296,-1.0071,-0.98447,-0.9617,-0.9388,-0.91578,-0.89264,-0.8694,-0.84605,-0.8226,-0.79906,-0.77544,-0.75173,-0.72795,-0.7041,-0.68018,-0.65621,-0.63218,-0.6081,-0.58399,-0.55983,-0.53565,-0.51144,-0.48721,-0.46297,-0.43872,-0.41447,-0.39022,-0.36598,-0.34176,-0.31756,-0.29338,-0.26923,-0.24513,-0.22106,-0.19705,-0.17309,-0.14918,-0.12535,-0.10158,-0.077893,-0.054286,-0.030766,-0.0073386,0.01599,0.039216,0.062333,0.085335,0.10822,0.13098,0.1536,0.1761,0.19845,0.22066,0.24272,0.26462,0.28636,0.30794,0.32934,0.35057,0.37162,0.39249,0.41316,0.43365,0.45393,0.47401,0.49388,0.51354,0.53299,0.55221,0.57121,0.58998,0.60851,0.62681,0.64486,0.66267,0.68023,0.69754,0.71459,0.73137,0.7479,0.76415,0.78013,0.79584,0.81127,0.82642,0.84128,0.85585,0.87013,0.88412,0.89781,0.9112,0.92428,0.93706,0.94954,0.9617,0.97354,0.98508,0.99629,1.0072,1.0178,1.028,1.0379,1.0475,1.0568,1.0657,1.0743,1.0825,1.0905,1.098,1.1053,1.1122,1.1187,1.125,1.1308,1.1364,1.1415,1.1464,1.1509,1.155,1.1588,1.1622,1.1653,1.1681,1.1705,1.1725,1.1742,1.1755,1.1765,1.1772,1.1775,1.1774,1.177,1.1763,1.1752,1.1738,1.172,1.1699,1.1674,1.1646,1.1615,1.158,1.1542,1.15,1.1456,1.1407,1.1356,1.1301,1.1243,1.1182,1.1118,1.105,1.0979,1.0905,1.0828,1.0748,1.0664,1.0578,1.0489,1.0396,1.0301,1.0203,1.0102,0.99976,0.98907,0.9781,0.96685,0.95533,0.94353,0.93147,0.91914,0.90656,0.89371,0.88062,0.86727,0.85368,0.83985,0.82578,0.81148,0.79695,0.78219,0.76722,0.75203,0.73662,0.72101,0.7052,0.68919,0.67298,0.65659,0.64001,0.62325,0.60631,0.58921,0.57194,0.55451,0.53692,0.51918,0.5013,0.48328,0.46512,0.44683,0.42841,0.40988,0.39123,0.37247,0.35361,0.33464,0.31559,0.29644,0.27721,0.25791,0.23853,0.21908,0.19958,0.18001,0.1604,0.14074,0.12104,0.10131,0.081548,0.061763,0.04196,0.022146,0.0023248,-0.017497,-0.037315,-0.057123,-0.076915,-0.096687,-0.11643,-0.13614,-0.15582,-0.17545,-0.19504,-0.21457,-0.23404,-0.25344,-0.27278,-0.29204,-0.31121,-0.33031,-0.34931,-0.36821,-0.38701,-0.4057,-0.42428,-0.44274,-0.46108,-0.47929,-0.49737,-0.5153,-0.5331,-0.55074,-0.56823,-0.58556,-0.60273,-0.61973,-0.63655,-0.6532,-0.66966,-0.68594,-0.70202,-0.71791,-0.7336,-0.74908,-0.76434,-0.7794,-0.79423,-0.80884,-0.82323,-0.83738,-0.85129,-0.86497,-0.8784,-0.89158,-0.90451,-0.91719,-0.9296,-0.94175,-0.95364,-0.96525,-0.97659,-0.98766,-0.99844,-1.0089,-1.0191,-1.0291,-1.0387,-1.048,-1.0571,-1.0658,-1.0742,-1.0823,-1.0901,-1.0976,-1.1048,-1.1116,-1.1182,-1.1244,-1.1303,-1.1359,-1.1411,-1.146,-1.1506,-1.1548,-1.1587,-1.1623,-1.1655,-1.1684,-1.1709,-1.1731,-1.175,-1.1765,-1.1777,-1.1785,-1.179,-1.1791,-1.1789,-1.1783,-1.1774,-1.1761,-1.1745,-1.1725,-1.1702,-1.1675,-1.1645,-1.1611,-1.1574,-1.1533,-1.1488,-1.1441,-1.1389,-1.1335,-1.1276,-1.1215,-1.115,-1.1081,-1.1009,-1.0934,-1.0855,-1.0773,-1.0687,-1.0598,-1.0506,-1.041,-1.0311,-1.0209,-1.0103,-0.99946,-0.98826,-0.97674,-0.9649,-0.95275,-0.94028,-0.92751,-0.91442,-0.90103,-0.88734,-0.87334,-0.85905,-0.84447,-0.82959,-0.81443,-0.79898,-0.78325,-0.76724,-0.75096,-0.73441,-0.71759,-0.70051,-0.68317,-0.66557,-0.64772,-0.62963,-0.61128,-0.5927,-0.57389,-0.55484,-0.53556,-0.51606,-0.49634,-0.47641,-0.45627,-0.43592,-0.41537,-0.39463,-0.37369,-0.35257,-0.33127,-0.30979,-0.28813,-0.26631,-0.24433,-0.22219,-0.1999,-0.17746,-0.15488,-0.13217,-0.10932,-0.086345,-0.063251,-0.040041,-0.016721,0.0067029,0.030226,0.053844,0.077549,0.10134,0.1252,0.14914,0.17314,0.19721,0.22132,0.24549,0.2697,0.29395,0.31823,0.34254,0.36687,0.39121,0.41556,0.43992,0.46427,0.48862,0.51295,0.53726,0.56155,0.5858,0.61002,0.6342,0.65833,0.6824,0.70642,0.73037,0.75424,0.77805,0.80176,0.8254,0.84893,0.87237,0.8957,0.91893,0.94203,0.96502,0.98787,1.0106,1.0332,1.0556,1.0779,1.1001,1.122,1.1439,1.1655,1.187,1.2083,1.2294,1.2503,1.271,1.2915,1.3118,1.3319,1.3518,1.3714,1.3909,1.4101,1.4291,1.4478,1.4663,1.4845,1.5025,1.5202,1.5377,1.5549,1.5718,1.5885,1.6048,1.6209,1.6367,1.6522,1.6675,1.6824,1.697,1.7113,1.7253,1.739,1.7524,1.7654,1.7781,1.7905,1.8026,1.8144,1.8258,1.8368,1.8476,1.8579,1.868,1.8777,1.887,1.896,1.9046,1.9129,1.9208,1.9283,1.9355,1.9423,1.9487,1.9548,1.9605,1.9658,1.9707,1.9753,1.9795,1.9833,1.9867,1.9898,1.9924,1.9947,1.9966,1.9981,1.9993,2,2.0004,2.0003,1.9999,1.9991,1.9979,1.9963,1.9943,1.992,1.9892,1.9861,1.9826,1.9787,1.9744,1.9697,1.9646,1.9592,1.9534,1.9472,1.9406,1.9336,1.9263,1.9186,1.9105,1.9021,1.8932,1.884,1.8745,1.8646,1.8543,1.8436,1.8326,1.8213,1.8095,1.7975,1.7851,1.7723,1.7592,1.7458,1.732,1.7179,1.7034,1.6887,1.6736,1.6582,1.6424,1.6264,1.61,1.5934,1.5764,1.5591,1.5416,1.5237,1.5056,1.4871,1.4684,1.4494,1.4302,1.4107,1.3909,1.3708,1.3505,1.33,1.3092,1.2881,1.2669,1.2454,1.2236,1.2017,1.1795,1.1571,1.1345,1.1118,1.0888,1.0656,1.0422,1.0187,0.99499,0.9711,0.94705,0.92284,0.89848,0.87397,0.84931,0.82452,0.7996,0.77455,0.74938,0.7241,0.69871,0.67321,0.64762,0.62194,0.59617,0.57032,0.5444,0.5184,0.49235,0.46624,0.44008,0.41388,0.38763,0.36136,0.33506,0.30873,0.2824,0.25605,0.2297,0.20336,0.17702,0.1507,0.1244,0.098128,0.071889,0.045689,0.019533,-0.0065708,-0.032618,-0.058603,-0.084518,-0.11036,-0.13612,-0.16179,-0.18738,-0.21286,-0.23824,-0.26351,-0.28867,-0.3137,-0.33861,-0.36339,-0.38803,-0.41252,-0.43687,-0.46106,-0.48509,-0.50896,-0.53265,-0.55617,-0.57951,-0.60266,-0.62562,-0.64838,-0.67094,-0.69329,-0.71543,-0.73735,-0.75905,-0.78052,-0.80176,-0.82276,-0.84352,-0.86404,-0.8843,-0.90431,-0.92406,-0.94354,-0.96276,-0.9817,-1.0004,-1.0187,-1.0368,-1.0546,-1.0722,-1.0894,-1.1063,-1.1229,-1.1392,-1.1552,-1.1709,-1.1862,-1.2012,-1.2159,-1.2303,-1.2444,-1.2581,-1.2714,-1.2845,-1.2971,-1.3095,-1.3214,-1.3331,-1.3444,-1.3553,-1.3658,-1.376,-1.3858,-1.3953,-1.4044,-1.4131,-1.4215,-1.4295,-1.4371,-1.4443,-1.4511,-1.4576,-1.4637,-1.4694,-1.4747,-1.4796,-1.4842,-1.4884,-1.4921,-1.4955,-1.4985,-1.5011,-1.5033,-1.5052,-1.5066,-1.5077,-1.5083,-1.5086,-1.5085,-1.5079,-1.507,-1.5058,-1.5041,-1.502,-1.4996,-1.4967,-1.4935,-1.4899,-1.4859,-1.4815,-1.4768,-1.4716,-1.4661,-1.4602,-1.4539,-1.4473,-1.4403,-1.4329,-1.4252,-1.417,-1.4086,-1.3997,-1.3905,-1.381,-1.3711,-1.3608,-1.3502,-1.3392,-1.3279,-1.3163,-1.3043,-1.292,-1.2793,-1.2664,-1.2531,-1.2394,-1.2255,-1.2112,-1.1967,-1.1818,-1.1666,-1.1511,-1.1354,-1.1193,-1.1029,-1.0863,-1.0694,-1.0522,-1.0347,-1.017,-0.99896,-0.9807,-0.96219,-0.94342,-0.92441,-0.90516,-0.88567,-0.86596,-0.84601,-0.82585,-0.80547,-0.78488,-0.76408,-0.74308,-0.72188,-0.7005,-0.67893,-0.65717,-0.63525,-0.61315,-0.59089,-0.56847,-0.54589,-0.52317,-0.50031,-0.47731,-0.45418,-0.43092,-0.40754,-0.38405,-0.36045,-0.33674,-0.31294,-0.28905,-0.26507,-0.24102,-0.21689,-0.19269,-0.16843,-0.14411,-0.11974,-0.095328,-0.070877,-0.046394,-0.021884,0.0026467,0.027192,0.051747,0.076304,0.10086,0.1254,0.14994,0.17444,0.19893,0.22338,0.24779,0.27216,0.29648,0.32074,0.34493,0.36907,0.39312,0.4171,0.44099,0.46479,0.4885,0.5121,0.53559,0.55897,0.58223,0.60537,0.62837,0.65124,0.67396,0.69654,0.71897,0.74123,0.76334,0.78527,0.80703,0.82861,0.85001,0.87122,0.89223,0.91304,0.93365,0.95404,0.97422,0.99418,1.0139,1.0334,1.0527,1.0717,1.0905,1.1091,1.1274,1.1454,1.1632,1.1807,1.1979,1.2149,1.2315,1.248,1.2641,1.2799,1.2954,1.3107,1.3256,1.3402,1.3545,1.3685,1.3822,1.3956,1.4087,1.4214,1.4338,1.4458,1.4576,1.469,1.48,1.4907,1.5011,1.5111,1.5208,1.5301,1.5391,1.5477,1.5559,1.5638,1.5713,1.5784,1.5852,1.5916,1.5977,1.6034,1.6087,1.6136,1.6181,1.6223,1.6261,1.6295,1.6325,1.6352,1.6374,1.6393,1.6408,1.6419,1.6427,1.643,1.643,1.6425,1.6417,1.6405,1.6389,1.637,1.6346,1.6319,1.6288,1.6253,1.6214,1.6171,1.6125,1.6075,1.6021,1.5963,1.5901,1.5836,1.5767,1.5694,1.5617,1.5537,1.5453,1.5366,1.5274,1.518,1.5081,1.4979,1.4873,1.4764,1.4652,1.4536,1.4416,1.4293,1.4167,1.4037,1.3904,1.3767,1.3627,1.3484,1.3338,1.3188,1.3036,1.288,1.2721,1.2559,1.2394,1.2226,1.2055,1.1881,1.1704,1.1524,1.1342,1.1157,1.0969,1.0778,1.0585,1.0389,1.019,0.99894,0.97859,0.958,0.93717,0.91611,0.89482,0.8733,0.85157,0.82961,0.80745,0.78508,0.76251,0.73975,0.71679,0.69365,0.67033,0.64683,0.62316,0.59932,0.57532,0.55117,0.52687,0.50243,0.47784,0.45312,0.42827,0.4033,0.37821,0.353,0.32769,0.30228,0.27677,0.25117,0.22549,0.19973,0.17389,0.14798,0.12201,0.095981,0.069902,0.043775,0.017608,-0.0085943,-0.034826,-0.061082,-0.087357,-0.11364,-0.13994,-0.16624,-0.19253,-0.21881,-0.24508,-0.27133,-0.29755,-0.32374,-0.34989,-0.376,-0.40206,-0.42807,-0.45402,-0.47991,-0.50572,-0.53146,-0.55712,-0.58269,-0.60818,-0.63356,-0.65885,-0.68402,-0.70909,-0.73403,-0.75886,-0.78356,-0.80812,-0.83255,-0.85683,-0.88097,-0.90495,-0.92878,-0.95244,-0.97594,-0.99927,-1.0224,-1.0454,-1.0682,-1.0908,-1.1132,-1.1354,-1.1574,-1.1791,-1.2007,-1.2221,-1.2432,-1.2641,-1.2848,-1.3053,-1.3255,-1.3455,-1.3652,-1.3847,-1.4039,-1.4229,-1.4416,-1.4601,-1.4783,-1.4962,-1.5138,-1.5312,-1.5483,-1.5651,-1.5816,-1.5979,-1.6138,-1.6295,-1.6448,-1.6599,-1.6746,-1.6891,-1.7032,-1.7171,-1.7306,-1.7438,-1.7567,-1.7693,-1.7816,-1.7935,-1.8051,-1.8164,-1.8274,-1.838,-1.8483,-1.8583,-1.8679,-1.8772,-1.8862,-1.8948,-1.9031,-1.9111,-1.9187,-1.926,-1.933,-1.9396,-1.9458,-1.9517,-1.9573,-1.9625,-1.9674,-1.972,-1.9762,-1.98,-1.9835,-1.9867,-1.9896,-1.992,-1.9942,-1.996,-1.9975,-1.9986,-1.9994,-1.9998,-1.9999,-1.9997,-1.9991,-1.9982,-1.997,-1.9954,-1.9935,-1.9913,-1.9887,-1.9859,-1.9827,-1.9791,-1.9753,-1.9711,-1.9666,-1.9618,-1.9567,-1.9513,-1.9456,-1.9395,-1.9332,-1.9265,-1.9196,-1.9123,-1.9048,-1.897,-1.8889,-1.8805,-1.8718,-1.8628,-1.8536,-1.8441,-1.8343,-1.8242,-1.8139,-1.8033,-1.7925,-1.7814,-1.77,-1.7585,-1.7466,-1.7345,-1.7222,-1.7097,-1.6969,-1.6839,-1.6707,-1.6572,-1.6436,-1.6297,-1.6157,-1.6014,-1.5869,-1.5722,-1.5574,-1.5424,-1.5271,-1.5117,-1.4962,-1.4804,-1.4645,-1.4485,-1.4322,-1.4159,-1.3994,-1.3827,-1.3659,-1.349,-1.3319,-1.3148,-1.2975,-1.28,-1.2625,-1.2449,-1.2272,-1.2093,-1.1914,-1.1734,-1.1553,-1.1372,-1.1189,-1.1006,-1.0823,-1.0638,-1.0454,-1.0268,-1.0083,-0.98964,-0.97099,-0.95231,-0.9336,-0.91488,-0.89613,-0.87738,-0.85862,-0.83985,-0.82109,-0.80233,-0.78359,-0.76486,-0.74615,-0.72747,-0.70881,-0.69019,-0.67161,-0.65307,-0.63457,-0.61613,-0.59775,-0.57942,-0.56116,-0.54297,-0.52485,-0.50681,-0.48884,-0.47097,-0.45318,-0.43549,-0.4179,-0.4004,-0.38302,-0.36574,-0.34857,-0.33153,-0.3146,-0.2978,-0.28113,-0.26458,-0.24818,-0.23191,-0.21579,-0.19981,-0.18398,-0.16831,-0.15279,-0.13743,-0.12223,-0.1072,-0.092337,-0.077646,-0.06313,-0.048791,-0.034633,-0.020658,-0.0068691,0.0067311,0.02014,0.033355,0.046374,0.059194,0.071813,0.084229,0.096439,0.10844,0.12023,0.13182,0.14318,0.15433,0.16527,0.17598,0.18647,0.19675,0.20679,0.21661,0.22621,0.23557,0.24471,0.25361,0.26228,0.27072,0.27893,0.2869,0.29463,0.30213,0.30939,0.31641,0.3232,0.32974,0.33604,0.34211,0.34793,0.35352,0.35886,0.36396,0.36883,0.37345,0.37783,0.38197,0.38587,0.38953,0.39295,0.39613,0.39908,0.40179,0.40426,0.40649,0.40849,0.41026,0.41179,0.41309,0.41416,0.415,0.41561,0.41599,0.41615,0.41608,0.41579,0.41527,0.41454,0.41359,0.41243,0.41104,0.40945,0.40765,0.40563,0.40341,0.40099,0.39836,0.39554,0.39251,0.38929,0.38588,0.38228,0.37849,0.37451,0.37035,0.36601,0.3615,0.35681,0.35194,0.34691,0.34172,0.33636,0.33084,0.32516,0.31933,0.31335,0.30722,0.30095,0.29454,0.28799,0.28131,0.27449,0.26755,0.26049,0.2533,0.246,0.23859,0.23106,0.22343,0.2157,0.20787,0.19995,0.19193,0.18383,0.17564,0.16738,0.15904,0.15062,0.14214,0.1336,0.12499,0.11633,0.10762,0.098858,0.090053,0.081208,0.072326,0.063412,0.05447,0.045504,0.036518,0.027516,0.018503,0.0094808,0.00045531,-0.0085699,-0.017591,-0.026603,-0.035604,-0.044587,-0.05355,-0.062489,-0.071399,-0.080276,-0.089117,-0.097917,-0.10667,-0.11538,-0.12403,-0.13263,-0.14117,-0.14964,-0.15805,-0.16638,-0.17464,-0.18282,-0.19091,-0.19892,-0.20683,-0.21465,-0.22237,-0.22999,-0.23751,-0.24491,-0.2522,-0.25938,-0.26643,-0.27336,-0.28017,-0.28684,-0.29338,-0.29978,-0.30604,-0.31216,-0.31813,-0.32396,-0.32962,-0.33514,-0.34049,-0.34568,-0.35071,-0.35556,-0.36025,-0.36476,-0.3691,-0.37326,-0.37723,-0.38102,-0.38463,-0.38804,-0.39127,-0.3943,-0.39713,-0.39976,-0.4022,-0.40443,-0.40645,-0.40827,-0.40988,-0.41128,-0.41246,-0.41343,-0.41419,-0.41472,-0.41504,-0.41514,-0.41501,-0.41466,-0.41408,-0.41328,-0.41225,-0.411,-0.40951,-0.40779,-0.40584,-0.40366,-0.40124,-0.39859,-0.39571,-0.39259,-0.38924,-0.38564,-0.38182,-0.37775,-0.37345,-0.36892,-0.36414,-0.35913,-0.35388,-0.34839,-0.34267,-0.33671,-0.33052,-0.32408,-0.31742,-0.31052,-0.30338,-0.29602,-0.28842,-0.28058,-0.27252,-0.26423,-0.25571,-0.24696,-0.23799,-0.22879,-0.21936,-0.20972,-0.19985,-0.18977,-0.17946,-0.16895,-0.15821,-0.14727,-0.13611,-0.12475,-0.11318,-0.1014,-0.089426,-0.07725,-0.064875,-0.052305,-0.039542,-0.026589,-0.013448,-0.00012177,0.013387,0.027076,0.040943,0.054983,0.069195,0.083576,0.098122,0.11283,0.1277,0.14272,0.1579,0.17322,0.1887,0.20431,0.22007,0.23596,0.25198,0.26813,0.28441,0.30081,0.31733,0.33396,0.3507,0.36755,0.3845,0.40155,0.41869,0.43592,0.45325,0.47065,0.48813,0.50569,0.52331,0.541,0.55876,0.57657,0.59443,0.61234,0.6303,0.64829,0.66632,0.68439,0.70247,0.72058,0.73871,0.75685,0.775,0.79316,0.81131,0.82946,0.84759,0.86571,0.88382,0.9019,0.91995,0.93797,0.95595,0.97388,0.99177,1.0096,1.0274,1.0451,1.0628,1.0804,1.0979,1.1153,1.1326,1.1499,1.1671,1.1841,1.2011,1.2179,1.2347,1.2513,1.2678,1.2842,1.3004,1.3165,1.3325,1.3483,1.364,1.3795,1.3949,1.4101,1.4251,1.44,1.4547,1.4692,1.4835,1.4977,1.5116,1.5254,1.5389,1.5523,1.5654,1.5783,1.5911,1.6035,1.6158,1.6279,1.6397,1.6512,1.6626,1.6737,1.6845,1.6951,1.7055,1.7156,1.7254,1.735,1.7443,1.7533,1.7621,1.7705,1.7787,1.7867,1.7943,1.8017,1.8087,1.8155,1.822,1.8281,1.834,1.8396,1.8448,1.8498,1.8544,1.8588,1.8628,1.8665,1.8698,1.8729,1.8756,1.878,1.8801,1.8819,1.8833,1.8844,1.8852,1.8856,1.8857,1.8855,1.8849,1.884,1.8827,1.8811,1.8792,1.8769,1.8743,1.8713,1.868,1.8643,1.8603,1.856,1.8513,1.8463,1.8409,1.8352,1.8291,1.8227,1.8159,1.8088,1.8014,1.7936,1.7855,1.777,1.7682,1.759,1.7495,1.7397,1.7295,1.719,1.7082,1.697,1.6855,1.6737,1.6615,1.649,1.6362,1.6231,1.6096,1.5959,1.5818,1.5674,1.5526,1.5376,1.5223,1.5066,1.4907,1.4744,1.4578,1.441,1.4239,1.4064,1.3887,1.3707,1.3524,1.3339,1.315,1.2959,1.2765,1.2569,1.237,1.2168,1.1964,1.1758,1.1548,1.1337,1.1123,1.0907,1.0688,1.0467,1.0244,1.0019,0.97915,0.9562,0.93304,0.90968,0.88612,0.86237,0.83843,0.8143,0.79,0.76552,0.74088,0.71606,0.69109,0.66596,0.64069,0.61526,0.5897,0.564,0.53817,0.51221,0.48613,0.45994,0.43364,0.40723,0.38072,0.35412,0.32743,0.30066,0.2738,0.24688,0.21988,0.19283,0.16571,0.13855,0.11134,0.084086,0.056799,0.029483,0.0021431,-0.025216,-0.052587,-0.079966,-0.10735,-0.13472,-0.16209,-0.18944,-0.21678,-0.24408,-0.27136,-0.2986,-0.32579,-0.35294,-0.38003,-0.40706,-0.43403,-0.46093,-0.48775,-0.51449,-0.54114,-0.5677,-0.59417,-0.62053,-0.64678,-0.67291,-0.69893,-0.72482,-0.75058,-0.7762,-0.80169,-0.82703,-0.85221,-0.87724,-0.90211,-0.92681,-0.95134,-0.97569,-0.99986,-1.0238,-1.0476,-1.0712,-1.0946,-1.1178,-1.1408,-1.1635,-1.1861,-1.2084,-1.2304,-1.2523,-1.2739,-1.2952,-1.3164,-1.3372,-1.3578,-1.3782,-1.3982,-1.418,-1.4376,-1.4568,-1.4758,-1.4945,-1.5129,-1.531,-1.5488,-1.5663,-1.5835,-1.6004,-1.617,-1.6332,-1.6492,-1.6648,-1.6801,-1.6951,-1.7097,-1.7241,-1.738,-1.7517,-1.765,-1.7779,-1.7905,-1.8028,-1.8147,-1.8263,-1.8375,-1.8483,-1.8588,-1.8689,-1.8786,-1.888,-1.897,-1.9057,-1.914,-1.9219,-1.9294,-1.9366,-1.9433,-1.9497,-1.9557,-1.9614,-1.9666,-1.9715,-1.976,-1.9801,-1.9838,-1.9872,-1.9901,-1.9927,-1.9949,-1.9967,-1.9981,-1.9991,-1.9997,-2,-1.9999,-1.9994,-1.9985,-1.9972,-1.9955,-1.9934,-1.991,-1.9882,-1.985,-1.9814,-1.9775,-1.9732,-1.9685,-1.9634,-1.9579,-1.9521,-1.9459,-1.9394,-1.9325,-1.9252,-1.9175,-1.9095,-1.9012,-1.8924,-1.8834,-1.8739,-1.8642,-1.8541,-1.8436,-1.8328,-1.8217,-1.8102,-1.7984,-1.7863,-1.7738,-1.761,-1.7479,-1.7345,-1.7208,-1.7067,-1.6924,-1.6778,-1.6628,-1.6476,-1.6321,-1.6162,-1.6001,-1.5838,-1.5671,-1.5502,-1.533,-1.5155,-1.4978,-1.4799,-1.4616,-1.4432,-1.4245,-1.4055,-1.3864,-1.367,-1.3473,-1.3275,-1.3074,-1.2872,-1.2667,-1.246,-1.2252,-1.2041,-1.1829,-1.1615,-1.1399,-1.1182,-1.0963,-1.0742,-1.052,-1.0296,-1.0071,-0.98447,-0.9617,-0.9388,-0.91578,-0.89264,-0.8694,-0.84605,-0.8226,-0.79906,-0.77544,-0.75173,-0.72795,-0.7041,-0.68018,-0.65621,-0.63218,-0.6081,-0.58399,-0.55983,-0.53565,-0.51144,-0.48721,-0.46297,-0.43872,-0.41447,-0.39022,-0.36598,-0.34176,-0.31756,-0.29338,-0.26923,-0.24513,-0.22106,-0.19705,-0.17309,-0.14918,-0.12535,-0.10158,-0.077893,-0.054286,-0.030766,-0.0073386,0.01599,0.039216,0.062333,0.085335,0.10822,0.13098,0.1536,0.1761,0.19845,0.22066,0.24272,0.26462,0.28636,0.30794,0.32934,0.35057,0.37162,0.39249,0.41316,0.43365,0.45393,0.47401,0.49388,0.51354,0.53299,0.55221,0.57121,0.58998,0.60851,0.62681,0.64486,0.66267,0.68023,0.69754,0.71459,0.73137,0.7479,0.76415,0.78013,0.79584,0.81127,0.82642,0.84128,0.85585,0.87013,0.88412,0.89781,0.9112,0.92428,0.93706,0.94954,0.9617,0.97354,0.98508,0.99629,1.0072,1.0178,1.028,1.0379,1.0475,1.0568,1.0657,1.0743,1.0825,1.0905,1.098,1.1053,1.1122,1.1187,1.125,1.1308,1.1364,1.1415,1.1464,1.1509,1.155,1.1588,1.1622,1.1653,1.1681,1.1705,1.1725,1.1742,1.1755,1.1765,1.1772,1.1775,1.1774,1.177,1.1763,1.1752,1.1738,1.172,1.1699,1.1674,1.1646,1.1615,1.158,1.1542,1.15,1.1456,1.1407,1.1356,1.1301,1.1243,1.1182,1.1118,1.105,1.0979,1.0905,1.0828,1.0748,1.0664,1.0578,1.0489,1.0396,1.0301,1.0203,1.0102,0.99976,0.98907,0.9781,0.96685,0.95533,0.94353,0.93147,0.91914,0.90656,0.89371,0.88062,0.86727,0.85368,0.83985,0.82578,0.81148,0.79695,0.78219,0.76722,0.75203,0.73662,0.72101,0.7052,0.68919,0.67298,0.65659,0.64001,0.62325,0.60631,0.58921,0.57194,0.55451,0.53692,0.51918,0.5013,0.48328,0.46512,0.44683,0.42841,0.40988,0.39123,0.37247,0.35361,0.33464,0.31559,0.29644,0.27721,0.25791,0.23853,0.21908,0.19958,0.18001,0.1604,0.14074,0.12104,0.10131,0.081548,0.061763,0.04196,0.022146,0.0023248,-0.017497,-0.037315,-0.057123,-0.076915,-0.096687,-0.11643,-0.13614,-0.15582,-0.17545,-0.19504,-0.21457,-0.23404,-0.25344,-0.27278,-0.29204,-0.31121,-0.33031,-0.34931,-0.36821,-0.38701,-0.4057,-0.42428,-0.44274,-0.46108,-0.47929,-0.49737,-0.5153,-0.5331,-0.55074,-0.56823,-0.58556,-0.60273,-0.61973,-0.63655,-0.6532,-0.66966,-0.68594,-0.70202,-0.71791,-0.7336,-0.74908,-0.76434,-0.7794,-0.79423,-0.80884,-0.82323,-0.83738,-0.85129,-0.86497,-0.8784,-0.89158,-0.90451,-0.91719,-0.9296,-0.94175,-0.95364,-0.96525,-0.97659,-0.98766,-0.99844,-1.0089,-1.0191,-1.0291,-1.0387,-1.048,-1.0571,-1.0658,-1.0742,-1.0823,-1.0901,-1.0976,-1.1048,-1.1116,-1.1182,-1.1244,-1.1303,-1.1359,-1.1411,-1.146,-1.1506,-1.1548,-1.1587,-1.1623,-1.1655,-1.1684,-1.1709,-1.1731,-1.175,-1.1765,-1.1777,-1.1785,-1.179,-1.1791,-1.1789,-1.1783,-1.1774,-1.1761,-1.1745,-1.1725,-1.1702,-1.1675,-1.1645,-1.1611,-1.1574,-1.1533,-1.1488,-1.1441,-1.1389,-1.1335,-1.1276,-1.1215,-1.115,-1.1081,-1.1009,-1.0934,-1.0855,-1.0773,-1.0687,-1.0598,-1.0506,-1.041,-1.0311,-1.0209,-1.0103,-0.99946,-0.98826,-0.97674,-0.9649,-0.95275,-0.94028,-0.92751,-0.91442,-0.90103,-0.88734,-0.87334,-0.85905,-0.84447,-0.82959,-0.81443,-0.79898,-0.78325,-0.76724,-0.75096,-0.73441,-0.71759,-0.70051,-0.68317,-0.66557,-0.64772,-0.62963,-0.61128,-0.5927,-0.57389,-0.55484,-0.53556,-0.51606,-0.49634,-0.47641,-0.45627,-0.43592,-0.41537,-0.39463,-0.37369,-0.35257,-0.33127,-0.30979,-0.28813,-0.26631,-0.24433,-0.22219,-0.1999,-0.17746,-0.15488,-0.13217,-0.10932,-0.086345,-0.063251,-0.040041,-0.016721,0.0067029,0.030226,0.053844,0.077549,0.10134,0.1252,0.14914,0.17314,0.19721,0.22132,0.24549,0.2697,0.29395,0.31823,0.34254,0.36687,0.39121,0.41556,0.43992,0.46427,0.48862,0.51295,0.53726,0.56155,0.5858,0.61002,0.6342,0.65833,0.6824,0.70642,0.73037,0.75424,0.77805,0.80176,0.8254,0.84893,0.87237,0.8957,0.91893,0.94203,0.96502,0.98787,1.0106,1.0332,1.0556,1.0779,1.1001,1.122,1.1439,1.1655,1.187,1.2083,1.2294,1.2503,1.271,1.2915,1.3118,1.3319,1.3518,1.3714,1.3909,1.4101,1.4291,1.4478,1.4663,1.4845,1.5025,1.5202,1.5377,1.5549,1.5718,1.5885,1.6048,1.6209,1.6367,1.6522,1.6675,1.6824,1.697,1.7113,1.7253,1.739,1.7524,1.7654,1.7781,1.7905,1.8026,1.8144,1.8258,1.8368,1.8476,1.8579,1.868,1.8777,1.887,1.896,1.9046,1.9129,1.9208,1.9283,1.9355,1.9423,1.9487,1.9548,1.9605,1.9658,1.9707,1.9753,1.9795,1.9833,1.9867,1.9898,1.9924,1.9947,1.9966,1.9981,1.9993,2,2.0004,2.0003,1.9999,1.9991,1.9979,1.9963,1.9943,1.992,1.9892,1.9861,1.9826,1.9787,1.9744,1.9697,1.9646,1.9592,1.9534,1.9472,1.9406,1.9336,1.9263,1.9186,1.9105,1.9021,1.8932,1.884,1.8745,1.8646,1.8543,1.8436,1.8326,1.8213,1.8095,1.7975,1.7851,1.7723,1.7592,1.7458,1.732,1.7179,1.7034,1.6887,1.6736,1.6582,1.6424,1.6264,1.61,1.5934,1.5764,1.5591,1.5416,1.5237,1.5056,1.4871,1.4684,1.4494,1.4302,1.4107,1.3909,1.3708,1.3505,1.33,1.3092,1.2881,1.2669,1.2454,1.2236,1.2017,1.1795,1.1571,1.1345,1.1118,1.0888,1.0656,1.0422,1.0187,0.99499,0.9711,0.94705,0.92284,0.89848,0.87397,0.84931,0.82452,0.7996,0.77455,0.74938,0.7241,0.69871,0.67321,0.64762,0.62194,0.59617,0.57032,0.5444,0.5184,0.49235,0.46624,0.44008,0.41388,0.38763,0.36136,0.33506,0.30873,0.2824,0.25605,0.2297,0.20336,0.17702,0.1507,0.1244,0.098128,0.071889,0.045689,0.019533,-0.0065708,-0.032618,-0.058603,-0.084518,-0.11036,-0.13612,-0.16179,-0.18738,-0.21286,-0.23824,-0.26351,-0.28867,-0.3137,-0.33861,-0.36339,-0.38803,-0.41252,-0.43687,-0.46106,-0.48509,-0.50896,-0.53265,-0.55617,-0.57951,-0.60266,-0.62562,-0.64838,-0.67094,-0.69329,-0.71543,-0.73735,-0.75905,-0.78052,-0.80176,-0.82276,-0.84352,-0.86404,-0.8843,-0.90431,-0.92406,-0.94354,-0.96276,-0.9817,-1.0004,-1.0187,-1.0368,-1.0546,-1.0722,-1.0894,-1.1063,-1.1229,-1.1392,-1.1552,-1.1709,-1.1862,-1.2012,-1.2159,-1.2303,-1.2444,-1.2581,-1.2714,-1.2845,-1.2971,-1.3095,-1.3214,-1.3331,-1.3444,-1.3553,-1.3658,-1.376,-1.3858,-1.3953,-1.4044,-1.4131,-1.4215,-1.4295,-1.4371,-1.4443,-1.4511,-1.4576,-1.4637,-1.4694,-1.4747,-1.4796,-1.4842,-1.4884,-1.4921,-1.4955,-1.4985,-1.5011,-1.5033,-1.5052,-1.5066,-1.5077,-1.5083,-1.5086,-1.5085,-1.5079,-1.507,-1.5058,-1.5041,-1.502,-1.4996,-1.4967,-1.4935,-1.4899,-1.4859,-1.4815,-1.4768,-1.4716,-1.4661,-1.4602,-1.4539,-1.4473,-1.4403,-1.4329,-1.4252,-1.417,-1.4086,-1.3997,-1.3905,-1.381,-1.3711,-1.3608,-1.3502,-1.3392,-1.3279,-1.3163,-1.3043,-1.292,-1.2793,-1.2664,-1.2531,-1.2394,-1.2255,-1.2112,-1.1967,-1.1818,-1.1666,-1.1511,-1.1354,-1.1193,-1.1029,-1.0863,-1.0694,-1.0522,-1.0347,-1.017,-0.99896,-0.9807,-0.96219,-0.94342,-0.92441,-0.90516,-0.88567,-0.86596,-0.84601,-0.82585,-0.80547,-0.78488,-0.76408,-0.74308,-0.72188,-0.7005,-0.67893,-0.65717,-0.63525,-0.61315,-0.59089,-0.56847,-0.54589,-0.52317,-0.50031,-0.47731,-0.45418,-0.43092,-0.40754,-0.38405,-0.36045,-0.33674,-0.31294,-0.28905,-0.26507,-0.24102,-0.21689,-0.19269,-0.16843,-0.14411,-0.11974,-0.095328,-0.070877,-0.046394,-0.021884,0.0026467,0.027192,0.051747,0.076304,0.10086,0.1254,0.14994,0.17444,0.19893,0.22338,0.24779,0.27216,0.29648,0.32074,0.34493,0.36907,0.39312,0.4171,0.44099,0.46479,0.4885,0.5121,0.53559,0.55897,0.58223,0.60537,0.62837,0.65124,0.67396,0.69654,0.71897,0.74123,0.76334,0.78527,0.80703,0.82861,0.85001,0.87122,0.89223,0.91304,0.93365,0.95404,0.97422,0.99418,1.0139,1.0334,1.0527,1.0717,1.0905,1.1091,1.1274,1.1454,1.1632,1.1807,1.1979,1.2149,1.2315,1.248,1.2641,1.2799,1.2954,1.3107,1.3256,1.3402,1.3545,1.3685,1.3822,1.3956,1.4087,1.4214,1.4338,1.4458,1.4576,1.469,1.48,1.4907,1.5011,1.5111,1.5208,1.5301,1.5391,1.5477,1.5559,1.5638,1.5713,1.5784,1.5852,1.5916,1.5977,1.6034,1.6087,1.6136,1.6181,1.6223,1.6261,1.6295,1.6325,1.6352,1.6374,1.6393,1.6408,1.6419,1.6427,1.643,1.643,1.6425,1.6417,1.6405,1.6389,1.637,1.6346,1.6319,1.6288,1.6253,1.6214,1.6171,1.6125,1.6075,1.6021,1.5963,1.5901,1.5836,1.5767,1.5694,1.5617,1.5537,1.5453,1.5366,1.5274,1.518,1.5081,1.4979,1.4873,1.4764,1.4652,1.4536,1.4416,1.4293,1.4167,1.4037,1.3904,1.3767,1.3627,1.3484,1.3338,1.3188,1.3036,1.288,1.2721,1.2559,1.2394,1.2226,1.2055,1.1881,1.1704,1.1524,1.1342,1.1157,1.0969,1.0778,1.0585,1.0389,1.019,0.99894,0.97859,0.958,0.93717,0.91611,0.89482,0.8733,0.85157,0.82961,0.80745,0.78508,0.76251,0.73975,0.71679,0.69365,0.67033,0.64683,0.62316,0.59932,0.57532,0.55117,0.52687,0.50243,0.47784,0.45312,0.42827,0.4033,0.37821,0.353,0.32769,0.30228,0.27677,0.25117,0.22549,0.19973,0.17389,0.14798,0.12201,0.095981,0.069902,0.043775,0.017608,-0.0085943,-0.034826,-0.061082,-0.087357,-0.11364,-0.13994,-0.16624,-0.19253,-0.21881,-0.24508,-0.27133,-0.29755,-0.32374,-0.34989,-0.376,-0.40206,-0.42807,-0.45402,-0.47991,-0.50572,-0.53146,-0.55712,-0.58269,-0.60818,-0.63356,-0.65885,-0.68402,-0.70909,-0.73403,-0.75886,-0.78356,-0.80812,-0.83255,-0.85683,-0.88097,-0.90495,-0.92878,-0.95244,-0.97594,-0.99927,-1.0224,-1.0454,-1.0682,-1.0908,-1.1132,-1.1354,-1.1574,-1.1791,-1.2007,-1.2221,-1.2432,-1.2641,-1.2848,-1.3053,-1.3255,-1.3455,-1.3652,-1.3847,-1.4039,-1.4229,-1.4416,-1.4601,-1.4783,-1.4962,-1.5138,-1.5312,-1.5483,-1.5651,-1.5816,-1.5979,-1.6138,-1.6295,-1.6448,-1.6599,-1.6746,-1.6891,-1.7032,-1.7171,-1.7306,-1.7438,-1.7567,-1.7693,-1.7816,-1.7935,-1.8051,-1.8164,-1.8274,-1.838,-1.8483,-1.8583,-1.8679,-1.8772,-1.8862,-1.8948,-1.9031,-1.9111,-1.9187,-1.926,-1.933,-1.9396,-1.9458,-1.9517,-1.9573,-1.9625,-1.9674,-1.972,-1.9762,-1.98,-1.9835,-1.9867,-1.9896,-1.992,-1.9942,-1.996,-1.9975,-1.9986,-1.9994,-1.9998,-1.9999,-1.9997,-1.9991,-1.9982,-1.997,-1.9954,-1.9935,-1.9913,-1.9887,-1.9859,-1.9827,-1.9791,-1.9753,-1.9711,-1.9666,-1.9618,-1.9567,-1.9513,-1.9456,-1.9395,-1.9332,-1.9265,-1.9196,-1.9123,-1.9048,-1.897,-1.8889,-1.8805,-1.8718,-1.8628,-1.8536,-1.8441,-1.8343,-1.8242,-1.8139,-1.8033,-1.7925,-1.7814,-1.77,-1.7585,-1.7466,-1.7345,-1.7222,-1.7097,-1.6969,-1.6839,-1.6707,-1.6572,-1.6436,-1.6297,-1.6157,-1.6014,-1.5869,-1.5722,-1.5574,-1.5424,-1.5271,-1.5117,-1.4962,-1.4804,-1.4645,-1.4485,-1.4322,-1.4159,-1.3994,-1.3827,-1.3659,-1.349,-1.3319,-1.3148,-1.2975,-1.28,-1.2625,-1.2449,-1.2272,-1.2093,-1.1914,-1.1734,-1.1553,-1.1372,-1.1189,-1.1006,-1.0823,-1.0638,-1.0454,-1.0268,-1.0083,-0.98964,-0.97099,-0.95231,-0.9336,-0.91488,-0.89613,-0.87738,-0.85862,-0.83985,-0.82109,-0.80233,-0.78359,-0.76486,-0.74615,-0.72747,-0.70881,-0.69019,-0.67161,-0.65307,-0.63457,-0.61613,-0.59775,-0.57942,-0.56116,-0.54297,-0.52485,-0.50681,-0.48884,-0.47097,-0.45318,-0.43549,-0.4179,-0.4004,-0.38302,-0.36574,-0.34857,-0.33153,-0.3146,-0.2978,-0.28113,-0.26458,-0.24818,-0.23191,-0.21579,-0.19981,-0.18398,-0.16831,-0.15279,-0.13743,-0.12223,-0.1072,-0.092337,-0.077646,-0.06313,-0.048791,-0.034633,-0.020658,-0.0068691,0.0067311,0.02014,0.033355,0.046374,0.059194,0.071813,0.084229,0.096439,0.10844,0.12023,0.13182,0.14318,0.15433,0.16527,0.17598,0.18647,0.19675,0.20679,0.21661,0.22621,0.23557,0.24471,0.25361,0.26228,0.27072,0.27893,0.2869,0.29463,0.30213,0.30939,0.31641,0.3232,0.32974,0.33604,0.34211,0.34793,0.35352,0.35886,0.36396,0.36883,0.37345,0.37783,0.38197,0.38587,0.38953,0.39295,0.39613,0.39908,0.40179,0.40426,0.40649,0.40849,0.41026,0.41179,0.41309,0.41416,0.415,0.41561,0.41599,0.41615,0.41608,0.41579,0.41527,0.41454,0.41359,0.41243,0.41104,0.40945,0.40765,0.40563,0.40341,0.40099,0.39836,0.39554,0.39251,0.38929,0.38588,0.38228,0.37849,0.37451,0.37035,0.36601,0.3615,0.35681,0.35194,0.34691,0.34172,0.33636,0.33084,0.32516,0.31933,0.31335,0.30722,0.30095,0.29454,0.28799,0.28131,0.27449,0.26755,0.26049,0.2533,0.246,0.23859,0.23106,0.22343,0.2157,0.20787,0.19995,0.19193,0.18383,0.17564,0.16738,0.15904,0.15062,0.14214,0.1336,0.12499,0.11633,0.10762,0.098858,0.090053,0.081208,0.072326,0.063412,0.05447,0.045504,0.036518,0.027516,0.018503,0.0094808,0.00045531,-0.0085699,-0.017591,-0.026603,-0.035604,-0.044587,-0.05355,-0.062489,-0.071399,-0.080276,-0.089117,-0.097917,-0.10667,-0.11538,-0.12403,-0.13263,-0.14117,-0.14964,-0.15805,-0.16638,-0.17464,-0.18282,-0.19091,-0.19892,-0.20683,-0.21465,-0.22237,-0.22999,-0.23751,-0.24491,-0.2522,-0.25938,-0.26643,-0.27336,-0.28017,-0.28684,-0.29338,-0.29978,-0.30604,-0.31216,-0.31813,-0.32396,-0.32962,-0.33514,-0.34049,-0.34568,-0.35071,-0.35556,-0.36025,-0.36476,-0.3691,-0.37326,-0.37723,-0.38102,-0.38463,-0.38804,-0.39127,-0.3943,-0.39713,-0.39976,-0.4022,-0.40443,-0.40645,-0.40827,-0.40988,-0.41128,-0.41246,-0.41343,-0.41419,-0.41472,-0.41504,-0.41514,-0.41501,-0.41466,-0.41408,-0.41328,-0.41225,-0.411,-0.40951,-0.40779,-0.40584,-0.40366,-0.40124,-0.39859,-0.39571,-0.39259,-0.38924,-0.38564,-0.38182,-0.37775,-0.37345,-0.36892,-0.36414,-0.35913,-0.35388,-0.34839,-0.34267,-0.33671,-0.33052,-0.32408,-0.31742,-0.31052,-0.30338,-0.29602,-0.28842,-0.28058,-0.27252,-0.26423,-0.25571,-0.24696,-0.23799,-0.22879,-0.21936,-0.20972,-0.19985,-0.18977,-0.17946,-0.16895,-0.15821,-0.14727,-0.13611,-0.12475,-0.11318,-0.1014,-0.089426,-0.07725,-0.064875,-0.052305,-0.039542,-0.026589,-0.013448,-0.00012177,0.013387,0.027076,0.040943,0.054983,0.069195,0.083576,0.098122,0.11283,0.1277,0.14272,0.1579,0.17322,0.1887,0.20431,0.22007,0.23596,0.25198,0.26813,0.28441,0.30081,0.31733,0.33396,0.3507,0.36755,0.3845,0.40155,0.41869,0.43592,0.45325,0.47065,0.48813,0.50569,0.52331,0.541,0.55876,0.57657,0.59443,0.61234,0.6303,0.64829,0.66632,0.68439,0.70247,0.72058,0.73871,0.75685,0.775,0.79316,0.81131,0.82946,0.84759,0.86571,0.88382,0.9019,0.91995,0.93797,0.95595,0.97388,0.99177,1.0096,1.0274,1.0451,1.0628,1.0804,1.0979,1.1153,1.1326,1.1499,1.1671,1.1841,1.2011,1.2179,1.2347,1.2513,1.2678,1.2842,1.3004,1.3165,1.3325,1.3483,1.364,1.3795,1.3949,1.4101,1.4251,1.44,1.4547,1.4692,1.4835,1.4977,1.5116,1.5254,1.5389,1.5523,1.5654,1.5783,1.5911,1.6035,1.6158,1.6279,1.6397,1.6512,1.6626,1.6737,1.6845,1.6951,1.7055,1.7156,1.7254,1.735,1.7443,1.7533,1.7621,1.7705,1.7787,1.7867,1.7943,1.8017,1.8087,1.8155,1.822,1.8281,1.834,1.8396,1.8448
-0.22994,-0.22684,-0.22369,-0.2205,-0.21728,-0.21401,-0.2107,-0.20735,-0.20396,-0.20053,-0.19707,-0.19356,-0.19003,-0.18645,-0.18285,-0.17921,-0.17553,-0.17183,-0.16809,-0.16432,-0.16053,-0.1567,-0.15285,-0.14897,-0.14506,-0.14113,-0.13717,-0.13319,-0.12919,-0.12516,-0.12112,-0.11705,-0.11297,-0.10886,-0.10474,-0.1006,-0.096445,-0.092275,-0.088092,-0.083895,-0.079685,-0.075464,-0.071233,-0.066992,-0.062742,-0.058484,-0.054219,-0.049948,-0.045672,-0.041392,-0.037108,-0.032821,-0.028533,-0.024244,-0.019956,-0.015668,-0.011382,-0.0070989,-0.0028194,0.0014556,0.0057252,0.0099886,0.014245,0.018493,0.022732,0.026962,0.031181,0.035389,0.039584,0.043767,0.047935,0.052089,0.056227,0.060349,0.064453,0.068539,0.072607,0.076655,0.080682,0.084689,0.088673,0.092634,0.096572,0.10049,0.10437,0.10824,0.11207,0.11588,0.11966,0.12341,0.12714,0.13083,0.13449,0.13812,0.14172,0.14528,0.14881,0.15231,0.15577,0.1592,0.16259,0.16594,0.16926,0.17254,0.17578,0.17898,0.18214,0.18526,0.18834,0.19138,0.19438,0.19733,0.20025,0.20311,0.20594,0.20872,0.21146,0.21415,0.21679,0.21939,0.22194,0.22445,0.22691,0.22932,0.23168,0.23399,0.23626,0.23848,0.24064,0.24276,0.24483,0.24684,0.24881,0.25073,0.25259,0.2544,0.25617,0.25788,0.25953,0.26114,0.26269,0.26419,0.26564,0.26704,0.26838,0.26967,0.27091,0.27209,0.27322,0.2743,0.27532,0.27629,0.2772,0.27807,0.27888,0.27963,0.28033,0.28098,0.28158,0.28212,0.28261,0.28304,0.28342,0.28375,0.28403,0.28425,0.28442,0.28454,0.28461,0.28462,0.28458,0.28449,0.28435,0.28416,0.28391,0.28362,0.28327,0.28288,0.28243,0.28194,0.28139,0.2808,0.28015,0.27946,0.27872,0.27793,0.2771,0.27622,0.27529,0.27431,0.27329,0.27222,0.27111,0.26995,0.26875,0.26751,0.26622,0.26489,0.26351,0.2621,0.26064,0.25914,0.25761,0.25603,0.25441,0.25275,0.25106,0.24932,0.24755,0.24575,0.2439,0.24203,0.24011,0.23816,0.23618,0.23417,0.23212,0.23004,0.22793,0.22579,0.22361,0.22141,0.21918,0.21692,0.21464,0.21233,0.20999,0.20762,0.20523,0.20282,0.20038,0.19792,0.19544,0.19293,0.19041,0.18786,0.18529,0.18271,0.18011,0.17749,0.17485,0.1722,0.16953,0.16685,0.16415,0.16144,0.15872,0.15599,0.15324,0.15049,0.14772,0.14495,0.14217,0.13938,0.13658,0.13378,0.13097,0.12816,0.12534,0.12252,0.1197,0.11687,0.11404,0.11122,0.10839,0.10556,0.10274,0.099918,0.097099,0.094283,0.091472,0.088665,0.085864,0.083069,0.080281,0.077501,0.074728,0.071965,0.069211,0.066467,0.063734,0.061012,0.058303,0.055606,0.052922,0.050252,0.047596,0.044956,0.042331,0.039722,0.03713,0.034555,0.031999,0.029461,0.026941,0.024442,0.021962,0.019503,0.017065,0.014649,0.012255,0.0098839,0.0075357,0.0052111,0.0029107,0.0006348,-0.001616,-0.0038414,-0.0060408,-0.0082139,-0.01036,-0.012479,-0.014571,-0.016634,-0.018669,-0.020676,-0.022653,-0.024601,-0.026518,-0.028406,-0.030263,-0.032089,-0.033884,-0.035648,-0.037379,-0.039079,-0.040746,-0.042381,-0.043983,-0.045552,-0.047087,-0.048589,-0.050057,-0.051491,-0.05289,-0.054256,-0.055587,-0.056883,-0.058144,-0.05937,-0.060561,-0.061716,-0.062836,-0.063921,-0.06497,-0.065983,-0.066961,-0.067903,-0.068808,-0.069678,-0.070512,-0.07131,-0.072072,-0.072797,-0.073487,-0.074141,-0.074759,-0.075341,-0.075886,-0.076397,-0.076871,-0.077309,-0.077713,-0.07808,-0.078412,-0.078709,-0.078971,-0.079197,-0.079389,-0.079546,-0.079669,-0.079757,-0.079811,-0.07983,-0.079816,-0.079769,-0.079688,-0.079574,-0.079427,-0.079247,-0.079035,-0.078791,-0.078515,-0.078207,-0.077868,-0.077498,-0.077097,-0.076666,-0.076205,-0.075714,-0.075194,-0.074645,-0.074067,-0.07346,-0.072826,-0.072164,-0.071475,-0.070759,-0.070016,-0.069248,-0.068454,-0.067634,-0.06679,-0.065922,-0.065029,-0.064114,-0.063175,-0.062213,-0.06123,-0.060225,-0.059198,-0.058151,-0.057084,-0.055997,-0.05489,-0.053765,-0.052622,-0.05146,-0.050282,-0.049087,-0.047875,-0.046648,-0.045406,-0.044149,-0.042878,-0.041593,-0.040295,-0.038985,-0.037663,-0.036329,-0.034984,-0.033629,-0.032264,-0.03089,-0.029507,-0.028116,-0.026717,-0.025312,-0.023899,-0.022481,-0.021058,-0.01963,-0.018197,-0.016761,-0.015322,-0.01388,-0.012436,-0.010991,-0.009545,-0.0080986,-0.0066525,-0.0052072,-0.0037633,-0.0023213,-0.00088176,0.00055472,0.0019876,0.0034163,0.0048404,0.0062592,0.0076722,0.0090789,0.010479,0.011871,0.013256,0.014632,0.015999,0.017356,0.018704,0.020041,0.021366,0.022681,0.023983,0.025273,0.026549,0.027812,0.029061,0.030295,0.031515,0.032718,0.033906,0.035078,0.036232,0.03737,0.038489,0.03959,0.040673,0.041736,0.04278,0.043804,0.044808,0.045791,0.046753,0.047693,0.048611,0.049507,0.050381,0.051231,0.052058,0.052861,0.053641,0.054395,0.055125,0.05583,0.05651,0.057164,0.057792,0.058394,0.058969,0.059517,0.060039,0.060533,0.060999,0.061438,0.061848,0.062231,0.062584,0.06291,0.063206,0.063473,0.063711,0.06392,0.064099,0.064248,0.064367,0.064457,0.064516,0.064545,0.064544,0.064512,0.06445,0.064357,0.064233,0.064079,0.063894,0.063678,0.063431,0.063153,0.062844,0.062505,0.062134,0.061733,0.0613,0.060837,0.060343,0.059818,0.059263,0.058677,0.05806,0.057413,0.056735,0.056027,0.055289,0.054521,0.053724,0.052896,0.052038,0.051152,0.050236,0.04929,0.048316,0.047313,0.046282,0.045222,0.044134,0.043018,0.041875,0.040704,0.039506,0.038281,0.03703,0.035752,0.034448,0.033118,0.031763,0.030383,0.028978,0.027548,0.026094,0.024616,0.023115,0.021591,0.020043,0.018474,0.016882,0.015269,0.013634,0.011978,0.010302,0.0086063,0.0068904,0.0051554,0.0034014,0.0016291,-0.00016114,-0.0019689,-0.0037938,-0.0056353,-0.0074929,-0.0093663,-0.011255,-0.013158,-0.015076,-0.017007,-0.018952,-0.020909,-0.022879,-0.024861,-0.026854,-0.028857,-0.030871,-0.032895,-0.034928,-0.03697,-0.039019,-0.041077,-0.043142,-0.045213,-0.04729,-0.049373,-0.051461,-0.053553,-0.055649,-0.057749,-0.059851,-0.061955,-0.064061,-0.066168,-0.068276,-0.070384,-0.072491,-0.074597,-0.076701,-0.078804,-0.080903,-0.082999,-0.085091,-0.087178,-0.089261,-0.091338,-0.093409,-0.095473,-0.097529,-0.099578,-0.10162,-0.10365,-0.10567,-0.10768,-0.10969,-0.11168,-0.11365,-0.11562,-0.11757,-0.11951,-0.12144,-0.12335,-0.12525,-0.12713,-0.129,-0.13085,-0.13268,-0.13449,-0.13629,-0.13807,-0.13983,-0.14157,-0.14329,-0.14499,-0.14667,-0.14832,-0.14996,-0.15157,-0.15316,-0.15473,-0.15627,-0.15779,-0.15928,-0.16075,-0.16219,-0.16361,-0.165,-0.16637,-0.1677,-0.16901,-0.1703,-0.17155,-0.17277,-0.17397,-0.17514,-0.17627,-0.17738,-0.17845,-0.1795,-0.18051,-0.1815,-0.18245,-0.18337,-0.18425,-0.18511,-0.18593,-0.18671,-0.18747,-0.18819,-0.18888,-0.18953,-0.19015,-0.19073,-0.19128,-0.19179,-0.19227,-0.19271,-0.19312,-0.19349,-0.19382,-0.19412,-0.19439,-0.19461,-0.1948,-0.19496,-0.19507,-0.19515,-0.1952,-0.1952,-0.19517,-0.1951,-0.195,-0.19485,-0.19467,-0.19446,-0.1942,-0.19391,-0.19358,-0.19322,-0.19281,-0.19237,-0.1919,-0.19138,-0.19083,-0.19024,-0.18961,-0.18895,-0.18825,-0.18752,-0.18674,-0.18594,-0.18509,-0.18421,-0.18329,-0.18234,-0.18135,-0.18033,-0.17927,-0.17818,-0.17705,-0.17589,-0.17469,-0.17346,-0.17219,-0.1709,-0.16956,-0.1682,-0.1668,-0.16537,-0.16391,-0.16241,-0.16089,-0.15933,-0.15774,-0.15612,-0.15448,-0.1528,-0.15109,-0.14935,-0.14759,-0.14579,-0.14397,-0.14212,-0.14024,-0.13834,-0.1364,-0.13445,-0.13247,-0.13046,-0.12843,-0.12637,-0.12429,-0.12219,-0.12006,-0.11791,-0.11574,-0.11355,-0.11134,-0.1091,-0.10685,-0.10458,-0.10229,-0.099979,-0.097651,-0.095307,-0.092946,-0.090568,-0.088175,-0.085767,-0.083344,-0.080907,-0.078457,-0.075993,-0.073518,-0.07103,-0.068532,-0.066022,-0.063503,-0.060974,-0.058436,-0.05589,-0.053336,-0.050776,-0.048208,-0.045635,-0.043056,-0.040472,-0.037884,-0.035293,-0.032698,-0.030102,-0.027503,-0.024903,-0.022303,-0.019702,-0.017103,-0.014504,-0.011907,-0.0093132,-0.0067219,-0.0041342,-0.0015508,0.0010279,0.0036011,0.0061683,0.0087289,0.011282,0.013828,0.016365,0.018894,0.021412,0.023921,0.026419,0.028906,0.03138,0.033843,0.036292,0.038728,0.04115,0.043557,0.045949,0.048325,0.050684,0.053027,0.055352,0.05766,0.059949,0.062219,0.064469,0.0667,0.068909,0.071098,0.073265,0.075411,0.077533,0.079633,0.081709,0.083761,0.085789,0.087792,0.089769,0.091721,0.093646,0.095545,0.097417,0.099261,0.10108,0.10287,0.10462,0.10635,0.10805,0.10973,0.11137,0.11298,0.11455,0.1161,0.11762,0.1191,0.12055,0.12197,0.12336,0.12471,0.12603,0.12732,0.12857,0.12979,0.13097,0.13212,0.13323,0.13431,0.13535,0.13636,0.13733,0.13826,0.13916,0.14002,0.14085,0.14164,0.14239,0.1431,0.14378,0.14442,0.14503,0.14559,0.14612,0.14661,0.14706,0.14748,0.14786,0.1482,0.1485,0.14876,0.14899,0.14918,0.14933,0.14944,0.14951,0.14955,0.14955,0.14951,0.14944,0.14932,0.14917,0.14899,0.14876,0.1485,0.1482,0.14786,0.14749,0.14708,0.14664,0.14616,0.14564,0.14508,0.1445,0.14387,0.14321,0.14252,0.14179,0.14103,0.14023,0.1394,0.13853,0.13764,0.13671,0.13574,0.13475,0.13372,0.13266,0.13157,0.13045,0.12929,0.12811,0.1269,0.12565,0.12438,0.12308,0.12175,0.12039,0.11901,0.1176,0.11616,0.11469,0.1132,0.11168,0.11014,0.10858,0.10699,0.10537,0.10374,0.10208,0.10039,0.098691,0.096967,0.095222,0.093457,0.091673,0.089869,0.088047,0.086207,0.08435,0.082475,0.080585,0.078678,0.076757,0.074821,0.07287,0.070906,0.06893,0.06694,0.064939,0.062927,0.060904,0.058872,0.056829,0.054778,0.052719,0.050652,0.048578,0.046497,0.044411,0.04232,0.040223,0.038123,0.03602,0.033913,0.031805,0.029694,0.027583,0.025472,0.023361,0.02125,0.019142,0.017035,0.014931,0.01283,0.010733,0.0086413,0.0065543,0.004473,0.0023982,0.00033027,-0.00173,-0.0037822,-0.0058256,-0.0078595,-0.0098836,-0.011897,-0.013899,-0.01589,-0.017868,-0.019834,-0.021786,-0.023723,-0.025647,-0.027555,-0.029447,-0.031323,-0.033183,-0.035024,-0.036848,-0.038654,-0.04044,-0.042207,-0.043954,-0.04568,-0.047386,-0.049069,-0.050731,-0.05237,-0.053986,-0.055578,-0.057146,-0.05869,-0.060209,-0.061702,-0.063169,-0.064611,-0.066025,-0.067412,-0.068772,-0.070103,-0.071407,-0.072681,-0.073926,-0.075141,-0.076327,-0.077482,-0.078606,-0.0797,-0.080762,-0.081792,-0.08279,-0.083756,-0.084689,-0.085589,-0.086456,-0.087289,-0.088088,-0.088853,-0.089584,-0.09028,-0.090942,-0.091568,-0.092159,-0.092715,-0.093234,-0.093718,-0.094166,-0.094578,-0.094953,-0.095292,-0.095594,-0.095859,-0.096087,-0.096279,-0.096433,-0.09655,-0.096629,-0.096671,-0.096676,-0.096644,-0.096573,-0.096466,-0.09632,-0.096137,-0.095917,-0.095659,-0.095364,-0.095031,-0.09466,-0.094253,-0.093808,-0.093325,-0.092806,-0.092249,-0.091656,-0.091026,-0.090359,-0.089655,-0.088915,-0.088139,-0.087327,-0.086479,-0.085595,-0.084676,-0.083721,-0.082732,-0.081707,-0.080648,-0.079555,-0.078427,-0.077266,-0.076071,-0.074843,-0.073582,-0.072288,-0.070962,-0.069604,-0.068215,-0.066794,-0.065342,-0.063859,-0.062347,-0.060804,-0.059232,-0.057631,-0.056001,-0.054344,-0.052658,-0.050945,-0.049205,-0.047439,-0.045646,-0.043828,-0.041985,-0.040118,-0.038226,-0.036311,-0.034373,-0.032412,-0.030429,-0.028424,-0.026399,-0.024353,-0.022287,-0.020201,-0.018097,-0.015975,-0.013835,-0.011678,-0.0095042,-0.0073147,-0.0051098,-0.0028901,-0.00065638,0.0015909,0.0038511,0.0061236,0.0084078,0.010703,0.013009,0.015324,0.017648,0.019982,0.022322,0.02467,0.027025,0.029386,0.031751,0.034121,0.036496,0.038873,0.041253,0.043635,0.046018,0.048401,0.050785,0.053167,0.055549,0.057928,0.060304,0.062676,0.065044,0.067408,0.069766,0.072117,0.074462,0.076798,0.079127,0.081446,0.083756,0.086056,0.088344,0.090621,0.092885,0.095136,0.097373,0.099596,0.1018,0.104,0.10617,0.10833,0.11047,0.11259,0.1147,0.11678,0.11884,0.12089,0.12291,0.1249,0.12688,0.12883,0.13076,0.13266,0.13454,0.13639,0.13822,0.14001,0.14179,0.14353,0.14524,0.14692,0.14858,0.1502,0.15179,0.15335,0.15488,0.15637,0.15784,0.15926,0.16066,0.16202,0.16334,0.16463,0.16588,0.16709,0.16827,0.16941,0.17051,0.17158,0.1726,0.17359,0.17453,0.17544,0.1763,0.17712,0.1779,0.17865,0.17934,0.18,0.18061,0.18118,0.18171,0.18219,0.18263,0.18303,0.18338,0.18368,0.18394,0.18416,0.18433,0.18445,0.18453,0.18456,0.18455,0.18449,0.18438,0.18423,0.18402,0.18378,0.18348,0.18314,0.18275,0.18231,0.18183,0.18129,0.18071,0.18009,0.17941,0.17869,0.17792,0.1771,0.17623,0.17532,0.17436,0.17335,0.17229,0.17119,0.17003,0.16884,0.16759,0.1663,0.16496,0.16357,0.16214,0.16066,0.15914,0.15757,0.15595,0.15429,0.15258,0.15083,0.14903,0.14719,0.1453,0.14337,0.1414,0.13939,0.13733,0.13522,0.13308,0.13089,0.12867,0.1264,0.12409,0.12174,0.11935,0.11692,0.11445,0.11194,0.1094,0.10682,0.1042,0.10154,0.098846,0.096117,0.093354,0.090555,0.087722,0.084856,0.081956,0.079025,0.076061,0.073066,0.07004,0.066984,0.063899,0.060784,0.057642,0.054471,0.051274,0.048051,0.044801,0.041527,0.038228,0.034906,0.031561,0.028193,0.024804,0.021394,0.017964,0.014514,0.011046,0.0075595,0.0040559,0.00053583,-0.003,-0.0065508,-0.010116,-0.013694,-0.017285,-0.020888,-0.024503,-0.028127,-0.031761,-0.035404,-0.039055,-0.042713,-0.046377,-0.050047,-0.053722,-0.0574,-0.061082,-0.064766,-0.068451,-0.072138,-0.075823,-0.079508,-0.083191,-0.086872,-0.090549,-0.094221,-0.097889,-0.10155,-0.1052,-0.10885,-0.11249,-0.11612,-0.11974,-0.12335,-0.12694,-0.13053,-0.1341,-0.13765,-0.14119,-0.14472,-0.14822,-0.15171,-0.15519,-0.15864,-0.16207,-0.16548,-0.16887,-0.17224,-0.17558,-0.1789,-0.1822,-0.18547,-0.18871,-0.19193,-0.19511,-0.19827,-0.2014,-0.2045,-0.20757,-0.2106,-0.21361,-0.21658,-0.21951,-0.22242,-0.22528,-0.22811,-0.23091,-0.23366,-0.23638,-0.23906,-0.24169,-0.24429,-0.24685,-0.24937,-0.25184,-0.25427,-0.25666,-0.259,-0.2613,-0.26355,-0.26576,-0.26792,-0.27003,-0.2721,-0.27412,-0.27608,-0.278,-0.27987,-0.28169,-0.28346,-0.28518,-0.28684,-0.28846,-0.29002,-0.29152,-0.29298,-0.29438,-0.29572,-0.29701,-0.29825,-0.29943,-0.30055,-0.30162,-0.30263,-0.30358,-0.30448,-0.30531,-0.30609,-0.30682,-0.30748,-0.30808,-0.30863,-0.30912,-0.30954,-0.30991,-0.31022,-0.31047,-0.31065,-0.31078,-0.31085,-0.31085,-0.3108,-0.31068,-0.31051,-0.31027,-0.30997,-0.30961,-0.30919,-0.30871,-0.30816,-0.30756,-0.30689,-0.30617,-0.30538,-0.30453,-0.30362,-0.30265,-0.30162,-0.30053,-0.29937,-0.29816,-0.29689,-0.29555,-0.29416,-0.29271,-0.2912,-0.28963,-0.288,-0.28631,-0.28456,-0.28276,-0.28089,-0.27897,-0.27699,-0.27496,-0.27287,-0.27072,-0.26852,-0.26626,-0.26394,-0.26158,-0.25915,-0.25668,-0.25415,-0.25156,-0.24893,-0.24624,-0.2435,-0.24071,-0.23787,-0.23498,-0.23204,-0.22905,-0.22601,-0.22293,-0.2198,-0.21662,-0.2134,-0.21013,-0.20681,-0.20346,-0.20005,-0.19661,-0.19312,-0.1896,-0.18603,-0.18242,-0.17877,-0.17509,-0.17137,-0.1676,-0.16381,-0.15998,-0.15611,-0.15221,-0.14827,-0.14431,-0.14031,-0.13628,-0.13222,-0.12813,-0.12401,-0.11987,-0.1157,-0.1115,-0.10728,-0.10303,-0.098761,-0.094469,-0.090155,-0.085821,-0.081467,-0.077094,-0.072703,-0.068295,-0.063871,-0.059432,-0.054978,-0.050511,-0.046032,-0.041541,-0.037039,-0.032528,-0.028007,-0.02348,-0.018945,-0.014404,-0.0098584,-0.0053087,-0.0007559,0.003799,0.008355,0.012911,0.017467,0.022021,0.026572,0.031119,0.035662,0.040199,0.04473,0.049254,0.053769,0.058274,0.06277,0.067254,0.071726,0.076184,0.080629,0.085058,0.089472,0.093868,0.098247,0.10261,0.10695,0.11127,0.11556,0.11984,0.12409,0.12832,0.13252,0.1367,0.14085,0.14497,0.14906,0.15313,0.15716,0.16116,0.16513,0.16906,0.17297,0.17683,0.18066,0.18446,0.18822,0.19194,0.19562,0.19926,0.20286,0.20642,0.20994,0.21341,0.21684,0.22023,0.22357,0.22687,0.23012,0.23332,0.23647,0.23958,0.24264,0.24564,0.2486,0.2515,0.25436,0.25716,0.25991,0.2626,0.26524,0.26783,0.27036,0.27283,0.27525,0.27761,0.27991,0.28216,0.28434,0.28647,0.28854,0.29055,0.2925,0.29438,0.29621,0.29797,0.29968,0.30132,0.30289,0.30441,0.30586,0.30724,0.30857,0.30982,0.31102,0.31215,0.31321,0.31421,0.31514,0.31601,0.31681,0.31754,0.31821,0.31881,0.31935,0.31982,0.32022,0.32055,0.32082,0.32102,0.32115,0.32121,0.32121,0.32114,0.32101,0.3208,0.32053,0.32019,0.31979,0.31931,0.31877,0.31817,0.31749,0.31675,0.31595,0.31507,0.31413,0.31313,0.31206,0.31092,0.30972,0.30845,0.30712,0.30572,0.30426,0.30274,0.30115,0.2995,0.29779,0.29601,0.29417,0.29227,0.29031,0.28828,0.2862,0.28406,0.28185,0.27959,0.27727,0.27489,0.27245,0.26996,0.26741,0.2648,0.26214,0.25942,0.25664,0.25382,0.25094,0.24801,0.24502,0.24199,0.2389,0.23576,0.23258,0.22934,0.22606,0.22273,0.21935,0.21593,0.21246,0.20895,0.20539,0.20179,0.19815,0.19446,0.19074,0.18698,0.18317,0.17933,0.17546,0.17154,0.16759,0.1636,0.15958,0.15553,0.15145,0.14733,0.14318,0.139,0.1348,0.13056,0.1263,0.12202,0.1177,0.11337,0.10901,0.10462,0.10022,0.095795,0.091351,0.086888,0.082407,0.077909,0.073396,0.068867,0.064325,0.05977,0.055203,0.050625,0.046037,0.041439,0.036834,0.032221,0.027603,0.022979,0.018351,0.01372,0.0090866,0.004452,-0.00018284,-0.0048169,-0.0094493,-0.014079,-0.018705,-0.023326,-0.027942,-0.032551,-0.037153,-0.041746,-0.046329,-0.050902,-0.055463,-0.060013,-0.064548,-0.06907,-0.073576,-0.078065,-0.082538,-0.086993,-0.091428,-0.095844,-0.10024,-0.10461,-0.10896,-0.11329,-0.11759,-0.12187,-0.12611,-0.13034,-0.13453,-0.1387,-0.14283,-0.14694,-0.15101,-0.15505,-0.15906,-0.16303,-0.16697,-0.17087,-0.17474,-0.17857,-0.18236,-0.18611,-0.18982,-0.19349,-0.19712,-0.20071,-0.20426,-0.20776,-0.21122,-0.21463,-0.21799,-0.22132,-0.22459,-0.22782,-0.23099,-0.23412,-0.2372,-0.24023,-0.24321,-0.24614,-0.24901,-0.25183,-0.2546,-0.25732,-0.25998,-0.26258,-0.26513,-0.26763,-0.27007,-0.27245,-0.27478,-0.27704,-0.27925,-0.2814,-0.28349,-0.28552,-0.2875,-0.28941,-0.29126,-0.29305,-0.29478,-0.29645,-0.29805,-0.2996,-0.30108,-0.3025,-0.30385,-0.30514,-0.30637,-0.30754,-0.30864,-0.30967,-0.31065,-0.31155,-0.3124,-0.31318,-0.31389,-0.31454,-0.31512,-0.31564,-0.3161,-0.31649,-0.31681,-0.31707,-0.31726,-0.31739,-0.31745,-0.31745,-0.31738,-0.31725,-0.31705,-0.31679,-0.31646,-0.31607,-0.31561,-0.31509,-0.3145,-0.31385,-0.31314,-0.31236,-0.31152,-0.31062,-0.30965,-0.30862,-0.30753,-0.30638,-0.30516,-0.30388,-0.30254,-0.30115,-0.29969,-0.29816,-0.29658,-0.29494,-0.29325,-0.29149,-0.28967,-0.2878,-0.28587,-0.28388,-0.28184,-0.27974,-0.27758,-0.27537,-0.27311,-0.27079,-0.26842,-0.26599,-0.26352,-0.26099,-0.25841,-0.25578,-0.2531,-0.25037,-0.24759,-0.24476,-0.24189,-0.23897,-0.236,-0.23299,-0.22994,-0.22684,-0.22369,-0.2205,-0.21728,-0.21401,-0.2107,-0.20735,-0.20396,-0.20053,-0.19707,-0.19356,-0.19003,-0.18645,-0.18285,-0.17921,-0.17553,-0.17183,-0.16809,-0.16432,-0.16053,-0.1567,-0.15285,-0.14897,-0.14506,-0.14113,-0.13717,-0.13319,-0.12919,-0.12516,-0.12112,-0.11705,-0.11297,-0.10886,-0.10474,-0.1006,-0.096445,-0.092275,-0.088092,-0.083895,-0.079685,-0.075464,-0.071233,-0.066992,-0.062742,-0.058484,-0.054219,-0.049948,-0.045672,-0.041392,-0.037108,-0.032821,-0.028533,-0.024244,-0.019956,-0.015668,-0.011382,-0.0070989,-0.0028194,0.0014556,0.0057252,0.0099886,0.014245,0.018493,0.022732,0.026962,0.031181,0.035389,0.039584,0.043767,0.047935,0.052089,0.056227,0.060349,0.064453,0.068539,0.072607,0.076655,0.080682,0.084689,0.088673,0.092634,0.096572,0.10049,0.10437,0.10824,0.11207,0.11588,0.11966,0.12341,0.12714,0.13083,0.13449,0.13812,0.14172,0.14528,0.14881,0.15231,0.15577,0.1592,0.16259,0.16594,0.16926,0.17254,0.17578,0.17898,0.18214,0.18526,0.18834,0.19138,0.19438,0.19733,0.20025,0.20311,0.20594,0.20872,0.21146,0.21415,0.21679,0.21939,0.22194,0.22445,0.22691,0.22932,0.23168,0.23399,0.23626,0.23848,0.24064,0.24276,0.24483,0.24684,0.24881,0.25073,0.25259,0.2544,0.25617,0.25788,0.25953,0.26114,0.26269,0.26419,0.26564,0.26704,0.26838,0.26967,0.27091,0.27209,0.27322,0.2743,0.27532,0.27629,0.2772,0.27807,0.27888,0.27963,0.28033,0.28098,0.28158,0.28212,0.28261,0.28304,0.28342,0.28375,0.28403,0.28425,0.28442,0.28454,0.28461,0.28462,0.28458,0.28449,0.28435,0.28416,0.28391,0.28362,0.28327,0.28288,0.28243,0.28194,0.28139,0.2808,0.28015,0.27946,0.27872,0.27793,0.2771,0.27622,0.27529,0.27431,0.27329,0.27222,0.27111,0.26995,0.26875,0.26751,0.26622,0.26489,0.26351,0.2621,0.26064,0.25914,0.25761,0.25603,0.25441,0.25275,0.25106,0.24932,0.24755,0.24575,0.2439,0.24203,0.24011,0.23816,0.23618,0.23417,0.23212,0.23004,0.22793,0.22579,0.22361,0.22141,0.21918,0.21692,0.21464,0.21233,0.20999,0.20762,0.20523,0.20282,0.20038,0.19792,0.19544,0.19293,0.19041,0.18786,0.18529,0.18271,0.18011,0.17749,0.17485,0.1722,0.16953,0.16685,0.16415,0.16144,0.15872,0.15599,0.15324,0.15049,0.14772,0.14495,0.14217,0.13938,0.13658,0.13378,0.13097,0.12816,0.12534,0.12252,0.1197,0.11687,0.11404,0.11122,0.10839,0.10556,0.10274,0.099918,0.097099,0.094283,0.091472,0.088665,0.085864,0.083069,0.080281,0.077501,0.074728,0.071965,0.069211,0.066467,0.063734,0.061012,0.058303,0.055606,0.052922,0.050252,0.047596,0.044956,0.042331,0.039722,0.03713,0.034555,0.031999,0.029461,0.026941,0.024442,0.021962,0.019503,0.017065,0.014649,0.012255,0.0098839,0.0075357,0.0052111,0.0029107,0.0006348,-0.001616,-0.0038414,-0.0060408,-0.0082139,-0.01036,-0.012479,-0.014571,-0.016634,-0.018669,-0.020676,-0.022653,-0.024601,-0.026518,-0.028406,-0.030263,-0.032089,-0.033884,-0.035648,-0.037379,-0.039079,-0.040746,-0.042381,-0.043983,-0.045552,-0.047087,-0.048589,-0.050057,-0.051491,-0.05289,-0.054256,-0.055587,-0.056883,-0.058144,-0.05937,-0.060561,-0.061716,-0.062836,-0.063921,-0.06497,-0.065983,-0.066961,-0.067903,-0.068808,-0.069678,-0.070512,-0.07131,-0.072072,-0.072797,-0.073487,-0.074141,-0.074759,-0.075341,-0.075886,-0.076397,-0.076871,-0.077309,-0.077713,-0.07808,-0.078412,-0.078709,-0.078971,-0.079197,-0.079389,-0.079546,-0.079669,-0.079757,-0.079811,-0.07983,-0.079816,-0.079769,-0.079688,-0.079574,-0.079427,-0.079247,-0.079035,-0.078791,-0.078515,-0.078207,-0.077868,-0.077498,-0.077097,-0.076666,-0.076205,-0.075714,-0.075194,-0.074645,-0.074067,-0.07346,-0.072826,-0.072164,-0.071475,-0.070759,-0.070016,-0.069248,-0.068454,-0.067634,-0.06679,-0.065922,-0.065029,-0.064114,-0.063175,-0.062213,-0.06123,-0.060225,-0.059198,-0.058151,-0.057084,-0.055997,-0.05489,-0.053765,-0.052622,-0.05146,-0.050282,-0.049087,-0.047875,-0.046648,-0.045406,-0.044149,-0.042878,-0.041593,-0.040295,-0.038985,-0.037663,-0.036329,-0.034984,-0.033629,-0.032264,-0.03089,-0.029507,-0.028116,-0.026717,-0.025312,-0.023899,-0.022481,-0.021058,-0.01963,-0.018197,-0.016761,-0.015322,-0.01388,-0.012436,-0.010991,-0.009545,-0.0080986,-0.0066525,-0.0052072,-0.0037633,-0.0023213,-0.00088176,0.00055472,0.0019876,0.0034163,0.0048404,0.0062592,0.0076722,0.0090789,0.010479,0.011871,0.013256,0.014632,0.015999,0.017356,0.018704,0.020041,0.021366,0.022681,0.023983,0.025273,0.026549,0.027812,0.029061,0.030295,0.031515,0.032718,0.033906,0.035078,0.036232,0.03737,0.038489,0.03959,0.040673,0.041736,0.04278,0.043804,0.044808,0.045791,0.046753,0.047693,0.048611,0.049507,0.050381,0.051231,0.052058,0.052861,0.053641,0.054395,0.055125,0.05583,0.05651,0.057164,0.057792,0.058394,0.058969,0.059517,0.060039,0.060533,0.060999,0.061438,0.061848,0.062231,0.062584,0.06291,0.063206,0.063473,0.063711,0.06392,0.064099,0.064248,0.064367,0.064457,0.064516,0.064545,0.064544,0.064512,0.06445,0.064357,0.064233,0.064079,0.063894,0.063678,0.063431,0.063153,0.062844,0.062505,0.062134,0.061733,0.0613,0.060837,0.060343,0.059818,0.059263,0.058677,0.05806,0.057413,0.056735,0.056027,0.055289,0.054521,0.053724,0.052896,0.052038,0.051152,0.050236,0.04929,0.048316,0.047313,0.046282,0.045222,0.044134,0.043018,0.041875,0.040704,0.039506,0.038281,0.03703,0.035752,0.034448,0.033118,0.031763,0.030383,0.028978,0.027548,0.026094,0.024616,0.023115,0.021591,0.020043,0.018474,0.016882,0.015269,0.013634,0.011978,0.010302,0.0086063,0.0068904,0.0051554,0.0034014,0.0016291,-0.00016114,-0.0019689,-0.0037938,-0.0056353,-0.0074929,-0.0093663,-0.011255,-0.013158,-0.015076,-0.017007,-0.018952,-0.020909,-0.022879,-0.024861,-0.026854,-0.028857,-0.030871,-0.032895,-0.034928,-0.03697,-0.039019,-0.041077,-0.043142,-0.045213,-0.04729,-0.049373,-0.051461,-0.053553,-0.055649,-0.057749,-0.059851,-0.061955,-0.064061,-0.066168,-0.068276,-0.070384,-0.072491,-0.074597,-0.076701,-0.078804,-0.080903,-0.082999,-0.085091,-0.087178,-0.089261,-0.091338,-0.093409,-0.095473,-0.097529,-0.099578,-0.10162,-0.10365,-0.10567,-0.10768,-0.10969,-0.11168,-0.11365,-0.11562,-0.11757,-0.11951,-0.12144,-0.12335,-0.12525,-0.12713,-0.129,-0.13085,-0.13268,-0.13449,-0.13629,-0.13807,-0.13983,-0.14157,-0.14329,-0.14499,-0.14667,-0.14832,-0.14996,-0.15157,-0.15316,-0.15473,-0.15627,-0.15779,-0.15928,-0.16075,-0.16219,-0.16361,-0.165,-0.16637,-0.1677,-0.16901,-0.1703,-0.17155,-0.17277,-0.17397,-0.17514,-0.17627,-0.17738,-0.17845,-0.1795,-0.18051,-0.1815,-0.18245,-0.18337,-0.18425,-0.18511,-0.18593,-0.18671,-0.18747,-0.18819,-0.18888,-0.18953,-0.19015,-0.19073,-0.19128,-0.19179,-0.19227,-0.19271,-0.19312,-0.19349,-0.19382,-0.19412,-0.19439,-0.19461,-0.1948,-0.19496,-0.19507,-0.19515,-0.1952,-0.1952,-0.19517,-0.1951,-0.195,-0.19485,-0.19467,-0.19446,-0.1942,-0.19391,-0.19358,-0.19322,-0.19281,-0.19237,-0.1919,-0.19138,-0.19083,-0.19024,-0.18961,-0.18895,-0.18825,-0.18752,-0.18674,-0.18594,-0.18509,-0.18421,-0.18329,-0.18234,-0.18135,-0.18033,-0.17927,-0.17818,-0.17705,-0.17589,-0.17469,-0.17346,-0.17219,-0.1709,-0.16956,-0.1682,-0.1668,-0.16537,-0.16391,-0.16241,-0.16089,-0.15933,-0.15774,-0.15612,-0.15448,-0.1528,-0.15109,-0.14935,-0.14759,-0.14579,-0.14397,-0.14212,-0.14024,-0.13834,-0.1364,-0.13445,-0.13247,-0.13046,-0.12843,-0.12637,-0.12429,-0.12219,-0.12006,-0.11791,-0.11574,-0.11355,-0.11134,-0.1091,-0.10685,-0.10458,-0.10229,-0.099979,-0.097651,-0.095307,-0.092946,-0.090568,-0.088175,-0.085767,-0.083344,-0.080907,-0.078457,-0.075993,-0.073518,-0.07103,-0.068532,-0.066022,-0.063503,-0.060974,-0.058436,-0.05589,-0.053336,-0.050776,-0.048208,-0.045635,-0.043056,-0.040472,-0.037884,-0.035293,-0.032698,-0.030102,-0.027503,-0.024903,-0.022303,-0.019702,-0.017103,-0.014504,-0.011907,-0.0093132,-0.0067219,-0.0041342,-0.0015508,0.0010279,0.0036011,0.0061683,0.0087289,0.011282,0.013828,0.016365,0.018894,0.021412,0.023921,0.026419,0.028906,0.03138,0.033843,0.036292,0.038728,0.04115,0.043557,0.045949,0.048325,0.050684,0.053027,0.055352,0.05766,0.059949,0.062219,0.064469,0.0667,0.068909,0.071098,0.073265,0.075411,0.077533,0.079633,0.081709,0.083761,0.085789,0.087792,0.089769,0.091721,0.093646,0.095545,0.097417,0.099261,0.10108,0.10287,0.10462,0.10635,0.10805,0.10973,0.11137,0.11298,0.11455,0.1161,0.11762,0.1191,0.12055,0.12197,0.12336,0.12471,0.12603,0.12732,0.12857,0.12979,0.13097,0.13212,0.13323,0.13431,0.13535,0.13636,0.13733,0.13826,0.13916,0.14002,0.14085,0.14164,0.14239,0.1431,0.14378,0.14442,0.14503,0.14559,0.14612,0.14661,0.14706,0.14748,0.14786,0.1482,0.1485,0.14876,0.14899,0.14918,0.14933,0.14944,0.14951,0.14955,0.14955,0.14951,0.14944,0.14932,0.14917,0.14899,0.14876,0.1485,0.1482,0.14786,0.14749,0.14708,0.14664,0.14616,0.14564,0.14508,0.1445,0.14387,0.14321,0.14252,0.14179,0.14103,0.14023,0.1394,0.13853,0.13764,0.13671,0.13574,0.13475,0.13372,0.13266,0.13157,0.13045,0.12929,0.12811,0.1269,0.12565,0.12438,0.12308,0.12175,0.12039,0.11901,0.1176,0.11616,0.11469,0.1132,0.11168,0.11014,0.10858,0.10699,0.10537,0.10374,0.10208,0.10039,0.098691,0.096967,0.095222,0.093457,0.091673,0.089869,0.088047,0.086207,0.08435,0.082475,0.080585,0.078678,0.076757,0.074821,0.07287,0.070906,0.06893,0.06694,0.064939,0.062927,0.060904,0.058872,0.056829,0.054778,0.052719,0.050652,0.048578,0.046497,0.044411,0.04232,0.040223,0.038123,0.03602,0.033913,0.031805,0.029694,0.027583,0.025472,0.023361,0.02125,0.019142,0.017035,0.014931,0.01283,0.010733,0.0086413,0.0065543,0.004473,0.0023982,0.00033027,-0.00173,-0.0037822,-0.0058256,-0.0078595,-0.0098836,-0.011897,-0.013899,-0.01589,-0.017868,-0.019834,-0.021786,-0.023723,-0.025647,-0.027555,-0.029447,-0.031323,-0.033183,-0.035024,-0.036848,-0.038654,-0.04044,-0.042207,-0.043954,-0.04568,-0.047386,-0.049069,-0.050731,-0.05237,-0.053986,-0.055578,-0.057146,-0.05869,-0.060209,-0.061702,-0.063169,-0.064611,-0.066025,-0.067412,-0.068772,-0.070103,-0.071407,-0.072681,-0.073926,-0.075141,-0.076327,-0.077482,-0.078606,-0.0797,-0.080762,-0.081792,-0.08279,-0.083756,-0.084689,-0.085589,-0.086456,-0.087289,-0.088088,-0.088853,-0.089584,-0.09028,-0.090942,-0.091568,-0.092159,-0.092715,-0.093234,-0.093718,-0.094166,-0.094578,-0.094953,-0.095292,-0.095594,-0.095859,-0.096087,-0.096279,-0.096433,-0.09655,-0.096629,-0.096671,-0.096676,-0.096644,-0.096573,-0.096466,-0.09632,-0.096137,-0.095917,-0.095659,-0.095364,-0.095031,-0.09466,-0.094253,-0.093808,-0.093325,-0.092806,-0.092249,-0.091656,-0.091026,-0.090359,-0.089655,-0.088915,-0.088139,-0.087327,-0.086479,-0.085595,-0.084676,-0.083721,-0.082732,-0.081707,-0.080648,-0.079555,-0.078427,-0.077266,-0.076071,-0.074843,-0.073582,-0.072288,-0.070962,-0.069604,-0.068215,-0.066794,-0.065342,-0.063859,-0.062347,-0.060804,-0.059232,-0.057631,-0.056001,-0.054344,-0.052658,-0.050945,-0.049205,-0.047439,-0.045646,-0.043828,-0.041985,-0.040118,-0.038226,-0.036311,-0.034373,-0.032412,-0.030429,-0.028424,-0.026399,-0.024353,-0.022287,-0.020201,-0.018097,-0.015975,-0.013835,-0.011678,-0.0095042,-0.0073147,-0.0051098,-0.0028901,-0.00065638,0.0015909,0.0038511,0.0061236,0.0084078,0.010703,0.013009,0.015324,0.017648,0.019982,0.022322,0.02467,0.027025,0.029386,0.031751,0.034121,0.036496,0.038873,0.041253,0.043635,0.046018,0.048401,0.050785,0.053167,0.055549,0.057928,0.060304,0.062676,0.065044,0.067408,0.069766,0.072117,0.074462,0.076798,0.079127,0.081446,0.083756,0.086056,0.088344,0.090621,0.092885,0.095136,0.097373,0.099596,0.1018,0.104,0.10617,0.10833,0.11047,0.11259,0.1147,0.11678,0.11884,0.12089,0.12291,0.1249,0.12688,0.12883,0.13076,0.13266,0.13454,0.13639,0.13822,0.14001,0.14179,0.14353,0.14524,0.14692,0.14858,0.1502,0.15179,0.15335,0.15488,0.15637,0.15784,0.15926,0.16066,0.16202,0.16334,0.16463,0.16588,0.16709,0.16827,0.16941,0.17051,0.17158,0.1726,0.17359,0.17453,0.17544,0.1763,0.17712,0.1779,0.17865,0.17934,0.18,0.18061,0.18118,0.18171,0.18219,0.18263,0.18303,0.18338,0.18368,0.18394,0.18416,0.18433,0.18445,0.18453,0.18456,0.18455,0.18449,0.18438,0.18423,0.18402,0.18378,0.18348,0.18314,0.18275,0.18231,0.18183,0.18129,0.18071,0.18009,0.17941,0.17869,0.17792,0.1771,0.17623,0.17532,0.17436,0.17335,0.17229,0.17119,0.17003,0.16884,0.16759,0.1663,0.16496,0.16357,0.16214,0.16066,0.15914,0.15757,0.15595,0.15429,0.15258,0.15083,0.14903,0.14719,0.1453,0.14337,0.1414,0.13939,0.13733,0.13522,0.13308,0.13089,0.12867,0.1264,0.12409,0.12174,0.11935,0.11692,0.11445,0.11194,0.1094,0.10682,0.1042,0.10154,0.098846,0.096117,0.093354,0.090555,0.087722,0.084856,0.081956,0.079025,0.076061,0.073066,0.07004,0.066984,0.063899,0.060784,0.057642,0.054471,0.051274,0.048051,0.044801,0.041527,0.038228,0.034906,0.031561,0.028193,0.024804,0.021394,0.017964,0.014514,0.011046,0.0075595,0.0040559,0.00053583,-0.003,-0.0065508,-0.010116,-0.013694,-0.017285,-0.020888,-0.024503,-0.028127,-0.031761,-0.035404,-0.039055,-0.042713,-0.046377,-0.050047,-0.053722,-0.0574,-0.061082,-0.064766,-0.068451,-0.072138,-0.075823,-0.079508,-0.083191,-0.086872,-0.090549,-0.094221,-0.097889,-0.10155,-0.1052,-0.10885,-0.11249,-0.11612,-0.11974,-0.12335,-0.12694,-0.13053,-0.1341,-0.13765,-0.14119,-0.14472,-0.14822,-0.15171,-0.15519,-0.15864,-0.16207,-0.16548,-0.16887,-0.17224,-0.17558,-0.1789,-0.1822,-0.18547,-0.18871,-0.19193,-0.19511,-0.19827,-0.2014,-0.2045,-0.20757,-0.2106,-0.21361,-0.21658,-0.21951,-0.22242,-0.22528,-0.22811,-0.23091,-0.23366,-0.23638,-0.23906,-0.24169,-0.24429,-0.24685,-0.24937,-0.25184,-0.25427,-0.25666,-0.259,-0.2613,-0.26355,-0.26576,-0.26792,-0.27003,-0.2721,-0.27412,-0.27608,-0.278,-0.27987,-0.28169,-0.28346,-0.28518,-0.28684,-0.28846,-0.29002,-0.29152,-0.29298,-0.29438,-0.29572,-0.29701,-0.29825,-0.29943,-0.30055,-0.30162,-0.30263,-0.30358,-0.30448,-0.30531,-0.30609,-0.30682,-0.30748,-0.30808,-0.30863,-0.30912,-0.30954,-0.30991,-0.31022,-0.31047,-0.31065,-0.31078,-0.31085,-0.31085,-0.3108,-0.31068,-0.31051,-0.31027,-0.30997,-0.30961,-0.30919,-0.30871,-0.30816,-0.30756,-0.30689,-0.30617,-0.30538,-0.30453,-0.30362,-0.30265,-0.30162,-0.30053,-0.29937,-0.29816,-0.29689,-0.29555,-0.29416,-0.29271,-0.2912,-0.28963,-0.288,-0.28631,-0.28456,-0.28276,-0.28089,-0.27897,-0.27699,-0.27496,-0.27287,-0.27072,-0.26852,-0.26626,-0.26394,-0.26158,-0.25915,-0.25668,-0.25415,-0.25156,-0.24893,-0.24624,-0.2435,-0.24071,-0.23787,-0.23498,-0.23204,-0.22905,-0.22601,-0.22293,-0.2198,-0.21662,-0.2134,-0.21013,-0.20681,-0.20346,-0.20005,-0.19661,-0.19312,-0.1896,-0.18603,-0.18242,-0.17877,-0.17509,-0.17137,-0.1676,-0.16381,-0.15998,-0.15611,-0.15221,-0.14827,-0.14431,-0.14031,-0.13628,-0.13222,-0.12813,-0.12401,-0.11987,-0.1157,-0.1115,-0.10728,-0.10303,-0.098761,-0.094469,-0.090155,-0.085821,-0.081467,-0.077094,-0.072703,-0.068295,-0.063871,-0.059432,-0.054978,-0.050511,-0.046032,-0.041541,-0.037039,-0.032528,-0.028007,-0.02348,-0.018945,-0.014404,-0.0098584,-0.0053087,-0.0007559,0.003799,0.008355,0.012911,0.017467,0.022021,0.026572,0.031119,0.035662,0.040199,0.04473,0.049254,0.053769,0.058274,0.06277,0.067254,0.071726,0.076184,0.080629,0.085058,0.089472,0.093868,0.098247,0.10261,0.10695,0.11127,0.11556,0.11984,0.12409,0.12832,0.13252,0.1367,0.14085,0.14497,0.14906,0.15313,0.15716,0.16116,0.16513,0.16906,0.17297,0.17683,0.18066,0.18446,0.18822,0.19194,0.19562,0.19926,0.20286,0.20642,0.20994,0.21341,0.21684,0.22023,0.22357,0.22687,0.23012,0.23332,0.23647,0.23958,0.24264,0.24564,0.2486,0.2515,0.25436,0.25716,0.25991,0.2626,0.26524,0.26783,0.27036,0.27283,0.27525,0.27761,0.27991,0.28216,0.28434,0.28647,0.28854,0.29055,0.2925,0.29438,0.29621,0.29797,0.29968,0.30132,0.30289,0.30441,0.30586,0.30724,0.30857,0.30982,0.31102,0.31215,0.31321,0.31421,0.31514,0.31601,0.31681,0.31754,0.31821,0.31881,0.31935,0.31982,0.32022,0.32055,0.32082,0.32102,0.32115,0.32121,0.32121,0.32114,0.32101,0.3208,0.32053,0.32019,0.31979,0.31931,0.31877,0.31817,0.31749,0.31675,0.31595,0.31507,0.31413,0.31313,0.31206,0.31092,0.30972,0.30845,0.30712,0.30572,0.30426,0.30274,0.30115,0.2995,0.29779,0.29601,0.29417,0.29227,0.29031,0.28828,0.2862,0.28406,0.28185,0.27959,0.27727,0.27489,0.27245,0.26996,0.26741,0.2648,0.26214,0.25942,0.25664,0.25382,0.25094,0.24801,0.24502,0.24199,0.2389,0.23576,0.23258,0.22934,0.22606,0.22273,0.21935,0.21593,0.21246,0.20895,0.20539,0.20179,0.19815,0.19446,0.19074,0.18698,0.18317,0.17933,0.17546,0.17154,0.16759,0.1636,0.15958,0.15553,0.15145,0.14733,0.14318,0.139,0.1348,0.13056,0.1263,0.12202,0.1177,0.11337,0.10901,0.10462,0.10022,0.095795,0.091351,0.086888,0.082407,0.077909,0.073396,0.068867,0.064325,0.05977,0.055203,0.050625,0.046037,0.041439,0.036834,0.032221,0.027603,0.022979,0.018351,0.01372,0.0090866,0.004452,-0.00018284,-0.0048169,-0.0094493,-0.014079,-0.018705,-0.023326,-0.027942,-0.032551,-0.037153,-0.041746,-0.046329,-0.050902,-0.055463,-0.060013,-0.064548,-0.06907,-0.073576,-0.078065,-0.082538,-0.086993,-0.091428,-0.095844,-0.10024,-0.10461,-0.10896,-0.11329,-0.11759,-0.12187,-0.12611,-0.13034,-0.13453,-0.1387,-0.14283,-0.14694,-0.15101,-0.15505,-0.15906,-0.16303,-0.16697,-0.17087,-0.17474,-0.17857,-0.18236,-0.18611,-0.18982,-0.19349,-0.19712,-0.20071,-0.20426,-0.20776,-0.21122,-0.21463,-0.21799,-0.22132,-0.22459,-0.22782,-0.23099,-0.23412,-0.2372,-0.24023,-0.24321,-0.24614,-0.24901,-0.25183,-0.2546,-0.25732,-0.25998,-0.26258,-0.26513,-0.26763,-0.27007,-0.27245,-0.27478,-0.27704,-0.27925,-0.2814,-0.28349,-0.28552,-0.2875,-0.28941,-0.29126,-0.29305,-0.29478,-0.29645,-0.29805,-0.2996,-0.30108,-0.3025,-0.30385,-0.30514,-0.30637,-0.30754,-0.30864,-0.30967,-0.31065,-0.31155,-0.3124,-0.31318,-0.31389,-0.31454,-0.31512,-0.31564,-0.3161,-0.31649,-0.31681,-0.31707,-0.31726,-0.31739,-0.31745,-0.31745,-0.31738,-0.31725,-0.31705,-0.31679,-0.31646,-0.31607,-0.31561,-0.31509,-0.3145,-0.31385,-0.31314,-0.31236,-0.31152,-0.31062,-0.30965,-0.30862,-0.30753,-0.30638,-0.30516,-0.30388,-0.30254,-0.30115,-0.29969,-0.29816,-0.29658,-0.29494,-0.29325,-0.29149,-0.28967,-0.2878,-0.28587,-0.28388,-0.28184,-0.27974,-0.27758,-0.27537,-0.27311,-0.27079,-0.26842,-0.26599,-0.26352,-0.26099,-0.25841,-0.25578,-0.2531,-0.25037,-0.24759,-0.24476,-0.24189,-0.23897,-0.236,-0.23299,-0.22994,-0.22684,-0.22369,-0.2205,-0.21728,-0.21401,-0.2107,-0.20735,-0.20396,-0.20053,-0.19707,-0.19356,-0.19003,-0.18645,-0.18285,-0.17921,-0.17553,-0.17183,-0.16809,-0.16432,-0.16053,-0.1567,-0.15285,-0.14897,-0.14506,-0.14113,-0.13717,-0.13319,-0.12919,-0.12516,-0.12112,-0.11705,-0.11297,-0.10886,-0.10474,-0.1006,-0.096445,-0.092275,-0.088092,-0.083895,-0.079685,-0.075464,-0.071233,-0.066992,-0.062742,-0.058484,-0.054219,-0.049948,-0.045672,-0.041392,-0.037108,-0.032821,-0.028533,-0.024244,-0.019956,-0.015668,-0.011382,-0.0070989,-0.0028194,0.0014556,0.0057252,0.0099886,0.014245,0.018493,0.022732,0.026962,0.031181,0.035389,0.039584,0.043767,0.047935,0.052089,0.056227,0.060349,0.064453,0.068539,0.072607,0.076655,0.080682,0.084689,0.088673,0.092634,0.096572,0.10049,0.10437,0.10824,0.11207,0.11588,0.11966,0.12341,0.12714,0.13083,0.13449,0.13812,0.14172,0.14528,0.14881,0.15231,0.15577,0.1592,0.16259,0.16594,0.16926,0.17254,0.17578,0.17898,0.18214,0.18526,0.18834,0.19138,0.19438,0.19733,0.20025,0.20311,0.20594,0.20872,0.21146,0.21415,0.21679,0.21939,0.22194,0.22445,0.22691,0.22932,0.23168,0.23399,0.23626,0.23848,0.24064,0.24276,0.24483,0.24684,0.24881,0.25073,0.25259,0.2544,0.25617,0.25788,0.25953,0.26114,0.26269,0.26419,0.26564,0.26704,0.26838,0.26967,0.27091,0.27209,0.27322,0.2743,0.27532,0.27629,0.2772,0.27807,0.27888,0.27963,0.28033,0.28098,0.28158,0.28212,0.28261,0.28304,0.28342,0.28375,0.28403,0.28425,0.28442,0.28454,0.28461,0.28462,0.28458,0.28449,0.28435,0.28416,0.28391,0.28362,0.28327,0.28288,0.28243,0.28194,0.28139,0.2808,0.28015,0.27946,0.27872,0.27793,0.2771,0.27622,0.27529,0.27431,0.27329,0.27222,0.27111,0.26995,0.26875,0.26751,0.26622,0.26489,0.26351,0.2621,0.26064,0.25914,0.25761,0.25603,0.25441,0.25275,0.25106,0.24932,0.24755,0.24575,0.2439,0.24203,0.24011,0.23816,0.23618,0.23417,0.23212,0.23004,0.22793,0.22579,0.22361,0.22141,0.21918,0.21692,0.21464,0.21233,0.20999,0.20762,0.20523,0.20282,0.20038,0.19792,0.19544,0.19293,0.19041,0.18786,0.18529,0.18271,0.18011,0.17749,0.17485,0.1722,0.16953,0.16685,0.16415,0.16144,0.15872,0.15599,0.15324,0.15049,0.14772,0.14495,0.14217,0.13938,0.13658,0.13378,0.13097,0.12816,0.12534,0.12252,0.1197,0.11687,0.11404,0.11122,0.10839,0.10556,0.10274,0.099918,0.097099,0.094283,0.091472,0.088665,0.085864,0.083069,0.080281,0.077501,0.074728,0.071965,0.069211,0.066467,0.063734,0.061012,0.058303,0.055606,0.052922,0.050252,0.047596,0.044956,0.042331,0.039722,0.03713,0.034555,0.031999,0.029461,0.026941,0.024442,0.021962,0.019503,0.017065,0.014649,0.012255,0.0098839,0.0075357,0.0052111,0.0029107,0.0006348,-0.001616,-0.0038414,-0.0060408,-0.0082139,-0.01036,-0.012479,-0.014571,-0.016634,-0.018669,-0.020676,-0.022653,-0.024601,-0.026518,-0.028406,-0.030263,-0.032089,-0.033884,-0.035648,-0.037379,-0.039079,-0.040746,-0.042381,-0.043983,-0.045552,-0.047087,-0.048589,-0.050057,-0.051491,-0.05289,-0.054256,-0.055587,-0.056883,-0.058144,-0.05937,-0.060561,-0.061716,-0.062836,-0.063921,-0.06497,-0.065983,-0.066961,-0.067903,-0.068808,-0.069678,-0.070512,-0.07131,-0.072072,-0.072797,-0.073487,-0.074141,-0.074759,-0.075341,-0.075886,-0.076397,-0.076871,-0.077309,-0.077713,-0.07808,-0.078412,-0.078709,-0.078971,-0.079197,-0.079389,-0.079546,-0.079669,-0.079757,-0.079811,-0.07983,-0.079816,-0.079769,-0.079688,-0.079574,-0.079427,-0.079247,-0.079035,-0.078791,-0.078515,-0.078207,-0.077868,-0.077498,-0.077097,-0.076666,-0.076205,-0.075714,-0.075194,-0.074645,-0.074067,-0.07346,-0.072826,-0.072164,-0.071475,-0.070759,-0.070016,-0.069248,-0.068454,-0.067634,-0.06679,-0.065922,-0.065029,-0.064114,-0.063175,-0.062213,-0.06123,-0.060225,-0.059198,-0.058151,-0.057084,-0.055997,-0.05489,-0.053765,-0.052622,-0.05146,-0.050282,-0.049087,-0.047875,-0.046648,-0.045406,-0.044149,-0.042878,-0.041593,-0.040295,-0.038985,-0.037663,-0.036329,-0.034984,-0.033629,-0.032264,-0.03089,-0.029507,-0.028116,-0.026717,-0.025312,-0.023899,-0.022481,-0.021058,-0.01963,-0.018197,-0.016761,-0.015322,-0.01388,-0.012436,-0.010991,-0.009545,-0.0080986,-0.0066525,-0.0052072,-0.0037633,-0.0023213,-0.00088176,0.00055472,0.0019876,0.0034163,0.0048404,0.0062592,0.0076722,0.0090789,0.010479,0.011871,0.013256,0.014632,0.015999,0.017356,0.018704,0.020041,0.021366,0.022681,0.023983,0.025273,0.026549,0.027812,0.029061,0.030295,0.031515,0.032718,0.033906,0.035078,0.036232,0.03737,0.038489,0.03959,0.040673,0.041736,0.04278,0.043804,0.044808,0.045791,0.046753,0.047693,0.048611,0.049507,0.050381,0.051231,0.052058,0.052861,0.053641,0.054395,0.055125,0.05583,0.05651,0.057164,0.057792,0.058394,0.058969,0.059517,0.060039,0.060533,0.060999,0.061438,0.061848,0.062231,0.062584,0.06291,0.063206,0.063473,0.063711,0.06392,0.064099,0.064248,0.064367,0.064457,0.064516,0.064545,0.064544,0.064512,0.06445,0.064357,0.064233,0.064079,0.063894,0.063678,0.063431,0.063153,0.062844,0.062505,0.062134,0.061733,0.0613,0.060837,0.060343,0.059818,0.059263,0.058677,0.05806,0.057413,0.056735,0.056027,0.055289,0.054521,0.053724,0.052896,0.052038,0.051152,0.050236,0.04929,0.048316,0.047313,0.046282,0.045222,0.044134,0.043018,0.041875,0.040704,0.039506,0.038281,0.03703,0.035752,0.034448,0.033118,0.031763,0.030383,0.028978,0.027548,0.026094,0.024616,0.023115,0.021591,0.020043,0.018474,0.016882,0.015269,0.013634,0.011978,0.010302,0.0086063,0.0068904,0.0051554,0.0034014,0.0016291,-0.00016114,-0.0019689,-0.0037938,-0.0056353,-0.0074929,-0.0093663,-0.011255,-0.013158,-0.015076,-0.017007,-0.018952,-0.020909,-0.022879,-0.024861,-0.026854,-0.028857,-0.030871,-0.032895,-0.034928,-0.03697,-0.039019,-0.041077,-0.043142,-0.045213,-0.04729,-0.049373,-0.051461,-0.053553,-0.055649,-0.057749,-0.059851,-0.061955,-0.064061,-0.066168,-0.068276,-0.070384,-0.072491,-0.074597,-0.076701,-0.078804,-0.080903,-0.082999,-0.085091,-0.087178,-0.089261,-0.091338,-0.093409,-0.095473,-0.097529,-0.099578,-0.10162,-0.10365,-0.10567,-0.10768,-0.10969,-0.11168,-0.11365,-0.11562,-0.11757,-0.11951,-0.12144,-0.12335,-0.12525,-0.12713,-0.129,-0.13085,-0.13268,-0.13449,-0.13629,-0.13807,-0.13983,-0.14157,-0.14329,-0.14499,-0.14667,-0.14832,-0.14996,-0.15157,-0.15316,-0.15473,-0.15627,-0.15779,-0.15928,-0.16075,-0.16219,-0.16361,-0.165,-0.16637,-0.1677,-0.16901,-0.1703,-0.17155,-0.17277,-0.17397,-0.17514,-0.17627,-0.17738,-0.17845,-0.1795,-0.18051,-0.1815,-0.18245,-0.18337,-0.18425,-0.18511,-0.18593,-0.18671,-0.18747,-0.18819,-0.18888,-0.18953,-0.19015,-0.19073,-0.19128,-0.19179,-0.19227,-0.19271,-0.19312,-0.19349,-0.19382,-0.19412,-0.19439,-0.19461,-0.1948,-0.19496,-0.19507,-0.19515,-0.1952,-0.1952,-0.19517,-0.1951,-0.195,-0.19485,-0.19467,-0.19446,-0.1942,-0.19391,-0.19358,-0.19322,-0.19281,-0.19237,-0.1919,-0.19138,-0.19083,-0.19024,-0.18961,-0.18895,-0.18825,-0.18752,-0.18674,-0.18594,-0.18509,-0.18421,-0.18329,-0.18234,-0.18135,-0.18033,-0.17927,-0.17818,-0.17705,-0.17589,-0.17469,-0.17346,-0.17219,-0.1709,-0.16956,-0.1682,-0.1668,-0.16537,-0.16391,-0.16241,-0.16089,-0.15933,-0.15774,-0.15612,-0.15448,-0.1528,-0.15109,-0.14935,-0.14759,-0.14579,-0.14397,-0.14212,-0.14024,-0.13834,-0.1364,-0.13445,-0.13247,-0.13046,-0.12843,-0.12637,-0.12429,-0.12219,-0.12006,-0.11791,-0.11574,-0.11355,-0.11134,-0.1091,-0.10685,-0.10458,-0.10229,-0.099979,-0.097651,-0.095307,-0.092946,-0.090568,-0.088175,-0.085767,-0.083344,-0.080907,-0.078457,-0.075993,-0.073518,-0.07103,-0.068532,-0.066022,-0.063503,-0.060974,-0.058436,-0.05589,-0.053336,-0.050776,-0.048208,-0.045635,-0.043056,-0.040472,-0.037884,-0.035293,-0.032698,-0.030102,-0.027503,-0.024903,-0.022303,-0.019702,-0.017103,-0.014504,-0.011907,-0.0093132,-0.0067219,-0.0041342,-0.0015508,0.0010279,0.0036011,0.0061683,0.0087289,0.011282,0.013828,0.016365,0.018894,0.021412,0.023921,0.026419,0.028906,0.03138,0.033843,0.036292,0.038728,0.04115,0.043557,0.045949,0.048325,0.050684,0.053027,0.055352,0.05766,0.059949,0.062219,0.064469,0.0667,0.068909,0.071098,0.073265,0.075411,0.077533,0.079633,0.081709,0.083761,0.085789,0.087792,0.089769,0.091721,0.093646,0.095545,0.097417,0.099261,0.10108,0.10287,0.10462,0.10635,0.10805,0.10973,0.11137,0.11298,0.11455,0.1161,0.11762,0.1191,0.12055,0.12197,0.12336,0.12471,0.12603,0.12732,0.12857,0.12979,0.13097,0.13212,0.13323,0.13431,0.13535,0.13636,0.13733,0.13826,0.13916,0.14002,0.14085,0.14164,0.14239,0.1431,0.14378,0.14442,0.14503,0.14559,0.14612,0.14661,0.14706,0.14748,0.14786,0.1482,0.1485,0.14876,0.14899,0.14918,0.14933,0.14944,0.14951,0.14955,0.14955,0.14951,0.14944,0.14932,0.14917,0.14899,0.14876,0.1485,0.1482,0.14786,0.14749,0.14708,0.14664,0.14616,0.14564,0.14508,0.1445,0.14387,0.14321,0.14252,0.14179,0.14103,0.14023,0.1394,0.13853,0.13764,0.13671,0.13574,0.13475,0.13372,0.13266,0.13157,0.13045,0.12929,0.12811,0.1269,0.12565,0.12438,0.12308,0.12175,0.12039,0.11901,0.1176,0.11616,0.11469,0.1132,0.11168,0.11014,0.10858,0.10699,0.10537,0.10374,0.10208,0.10039,0.098691,0.096967,0.095222,0.093457,0.091673,0.089869,0.088047,0.086207,0.08435,0.082475,0.080585,0.078678,0.076757,0.074821,0.07287,0.070906,0.06893,0.06694,0.064939,0.062927,0.060904,0.058872,0.056829,0.054778,0.052719,0.050652,0.048578,0.046497,0.044411,0.04232,0.040223,0.038123,0.03602,0.033913,0.031805,0.029694,0.027583,0.025472,0.023361,0.02125,0.019142,0.017035,0.014931,0.01283,0.010733,0.0086413,0.0065543,0.004473,0.0023982,0.00033027,-0.00173,-0.0037822,-0.0058256,-0.0078595,-0.0098836,-0.011897,-0.013899,-0.01589,-0.017868,-0.019834,-0.021786,-0.023723,-0.025647,-0.027555,-0.029447,-0.031323,-0.033183,-0.035024,-0.036848,-0.038654,-0.04044,-0.042207,-0.043954,-0.04568,-0.047386,-0.049069,-0.050731,-0.05237,-0.053986,-0.055578,-0.057146,-0.05869,-0.060209,-0.061702,-0.063169,-0.064611,-0.066025,-0.067412,-0.068772,-0.070103,-0.071407,-0.072681,-0.073926,-0.075141,-0.076327,-0.077482,-0.078606,-0.0797,-0.080762,-0.081792,-0.08279,-0.083756,-0.084689,-0.085589,-0.086456,-0.087289,-0.088088,-0.088853,-0.089584,-0.09028,-0.090942,-0.091568,-0.092159,-0.092715,-0.093234,-0.093718,-0.094166,-0.094578,-0.094953,-0.095292,-0.095594,-0.095859,-0.096087,-0.096279,-0.096433,-0.09655,-0.096629,-0.096671,-0.096676,-0.096644,-0.096573,-0.096466,-0.09632,-0.096137,-0.095917,-0.095659,-0.095364,-0.095031,-0.09466,-0.094253,-0.093808,-0.093325,-0.092806,-0.092249,-0.091656,-0.091026,-0.090359,-0.089655,-0.088915,-0.088139,-0.087327,-0.086479,-0.085595,-0.084676,-0.083721,-0.082732,-0.081707,-0.080648,-0.079555,-0.078427,-0.077266,-0.076071,-0.074843,-0.073582,-0.072288,-0.070962,-0.069604,-0.068215,-0.066794,-0.065342,-0.063859,-0.062347,-0.060804,-0.059232,-0.057631,-0.056001,-0.054344,-0.052658,-0.050945,-0.049205,-0.047439,-0.045646,-0.043828,-0.041985,-0.040118,-0.038226,-0.036311,-0.034373,-0.032412,-0.030429,-0.028424,-0.026399,-0.024353,-0.022287,-0.020201,-0.018097,-0.015975,-0.013835,-0.011678,-0.0095042,-0.0073147,-0.0051098,-0.0028901,-0.00065638,0.0015909,0.0038511,0.0061236,0.0084078,0.010703,0.013009,0.015324,0.017648,0.019982,0.022322,0.02467,0.027025,0.029386,0.031751,0.034121,0.036496,0.038873,0.041253,0.043635,0.046018,0.048401,0.050785,0.053167,0.055549,0.057928,0.060304,0.062676,0.065044,0.067408,0.069766,0.072117,0.074462,0.076798,0.079127,0.081446,0.083756,0.086056,0.088344,0.090621,0.092885,0.095136,0.097373,0.099596,0.1018,0.104,0.10617,0.10833,0.11047,0.11259,0.1147,0.11678,0.11884,0.12089,0.12291,0.1249,0.12688,0.12883,0.13076,0.13266,0.13454,0.13639,0.13822,0.14001,0.14179,0.14353,0.14524,0.14692,0.14858,0.1502,0.15179,0.15335,0.15488,0.15637,0.15784,0.15926,0.16066,0.16202,0.16334,0.16463,0.16588,0.16709,0.16827,0.16941,0.17051,0.17158,0.1726,0.17359,0.17453,0.17544,0.1763,0.17712,0.1779,0.17865,0.17934,0.18,0.18061,0.18118,0.18171,0.18219,0.18263,0.18303,0.18338,0.18368,0.18394,0.18416,0.18433,0.18445,0.18453,0.18456,0.18455,0.18449,0.18438,0.18423,0.18402,0.18378,0.18348,0.18314,0.18275,0.18231,0.18183,0.18129,0.18071,0.18009,0.17941,0.17869,0.17792,0.1771,0.17623,0.17532,0.17436,0.17335,0.17229,0.17119,0.17003,0.16884,0.16759,0.1663,0.16496,0.16357,0.16214,0.16066,0.15914,0.15757,0.15595,0.15429,0.15258,0.15083,0.14903,0.14719,0.1453,0.14337,0.1414,0.13939,0.13733,0.13522,0.13308,0.13089,0.12867,0.1264,0.12409,0.12174,0.11935,0.11692,0.11445,0.11194,0.1094,0.10682,0.1042,0.10154,0.098846,0.096117,0.093354,0.090555,0.087722,0.084856,0.081956,0.079025,0.076061,0.073066,0.07004,0.066984,0.063899,0.060784,0.057642,0.054471,0.051274,0.048051,0.044801,0.041527,0.038228,0.034906,0.031561,0.028193,0.024804,0.021394,0.017964,0.014514,0.011046,0.0075595,0.0040559,0.00053583,-0.003,-0.0065508,-0.010116,-0.013694,-0.017285,-0.020888,-0.024503,-0.028127,-0.031761,-0.035404,-0.039055,-0.042713,-0.046377,-0.050047,-0.053722,-0.0574,-0.061082,-0.064766,-0.068451,-0.072138,-0.075823,-0.079508,-0.083191,-0.086872,-0.090549,-0.094221,-0.097889,-0.10155,-0.1052,-0.10885,-0.11249,-0.11612,-0.11974,-0.12335,-0.12694,-0.13053,-0.1341,-0.13765,-0.14119,-0.14472,-0.14822,-0.15171,-0.15519,-0.15864,-0.16207,-0.16548,-0.16887,-0.17224,-0.17558,-0.1789,-0.1822,-0.18547,-0.18871,-0.19193,-0.19511,-0.19827,-0.2014,-0.2045,-0.20757,-0.2106,-0.21361,-0.21658,-0.21951,-0.22242,-0.22528,-0.22811,-0.23091,-0.23366,-0.23638,-0.23906,-0.24169,-0.24429,-0.24685,-0.24937,-0.25184,-0.25427,-0.25666,-0.259,-0.2613,-0.26355,-0.26576,-0.26792,-0.27003,-0.2721,-0.27412,-0.27608,-0.278,-0.27987,-0.28169,-0.28346,-0.28518,-0.28684,-0.28846,-0.29002,-0.29152,-0.29298,-0.29438,-0.29572,-0.29701,-0.29825,-0.29943,-0.30055,-0.30162,-0.30263,-0.30358,-0.30448,-0.30531,-0.30609,-0.30682,-0.30748,-0.30808,-0.30863,-0.30912,-0.30954,-0.30991,-0.31022,-0.31047,-0.31065,-0.31078,-0.31085,-0.31085,-0.3108,-0.31068,-0.31051,-0.31027,-0.30997,-0.30961,-0.30919,-0.30871,-0.30816,-0.30756,-0.30689,-0.30617,-0.30538,-0.30453,-0.30362,-0.30265,-0.30162,-0.30053,-0.29937,-0.29816,-0.29689,-0.29555,-0.29416,-0.29271,-0.2912,-0.28963,-0.288,-0.28631,-0.28456,-0.28276,-0.28089,-0.27897,-0.27699,-0.27496,-0.27287,-0.27072,-0.26852,-0.26626,-0.26394,-0.26158,-0.25915,-0.25668,-0.25415,-0.25156,-0.24893,-0.24624,-0.2435,-0.24071,-0.23787,-0.23498,-0.23204,-0.22905,-0.22601,-0.22293,-0.2198,-0.21662,-0.2134,-0.21013,-0.20681,-0.20346,-0.20005,-0.19661,-0.19312,-0.1896,-0.18603,-0.18242,-0.17877,-0.17509,-0.17137,-0.1676,-0.16381,-0.15998,-0.15611,-0.15221,-0.14827,-0.14431,-0.14031,-0.13628,-0.13222,-0.12813,-0.12401,-0.11987,-0.1157,-0.1115,-0.10728,-0.10303,-0.098761,-0.094469,-0.090155,-0.085821,-0.081467,-0.077094,-0.072703,-0.068295,-0.063871,-0.059432,-0.054978,-0.050511,-0.046032,-0.041541,-0.037039,-0.032528,-0.028007,-0.02348,-0.018945,-0.014404,-0.0098584,-0.0053087,-0.0007559,0.003799,0.008355,0.012911,0.017467,0.022021,0.026572,0.031119,0.035662,0.040199,0.04473,0.049254,0.053769,0.058274,0.06277,0.067254,0.071726,0.076184,0.080629,0.085058,0.089472,0.093868,0.098247,0.10261,0.10695,0.11127,0.11556,0.11984,0.12409,0.12832,0.13252,0.1367,0.14085,0.14497,0.14906,0.15313,0.15716,0.16116,0.16513,0.16906,0.17297,0.17683,0.18066,0.18446,0.18822,0.19194,0.19562,0.19926,0.20286,0.20642,0.20994,0.21341,0.21684,0.22023,0.22357,0.22687,0.23012,0.23332,0.23647,0.23958,0.24264,0.24564,0.2486,0.2515,0.25436,0.25716,0.25991,0.2626,0.26524,0.26783,0.27036,0.27283,0.27525,0.27761,0.27991,0.28216,0.28434,0.28647,0.28854,0.29055,0.2925,0.29438,0.29621,0.29797,0.29968,0.30132,0.30289,0.30441,0.30586,0.30724,0.30857,0.30982,0.31102,0.31215,0.31321,0.31421,0.31514,0.31601,0.31681,0.31754,0.31821,0.31881,0.31935,0.31982,0.32022,0.32055,0.32082,0.32102,0.32115,0.32121,0.32121,0.32114,0.32101,0.3208,0.32053,0.32019,0.31979,0.31931,0.31877,0.31817,0.31749,0.31675,0.31595,0.31507,0.31413,0.31313,0.31206,0.31092,0.30972,0.30845,0.30712,0.30572,0.30426,0.30274,0.30115,0.2995,0.29779,0.29601,0.29417,0.29227,0.29031,0.28828,0.2862,0.28406,0.28185,0.27959,0.27727,0.27489,0.27245,0.26996,0.26741,0.2648,0.26214,0.25942,0.25664,0.25382,0.25094,0.24801,0.24502,0.24199,0.2389,0.23576,0.23258,0.22934,0.22606,0.22273,0.21935,0.21593,0.21246,0.20895,0.20539,0.20179,0.19815,0.19446,0.19074,0.18698,0.18317,0.17933,0.17546,0.17154,0.16759,0.1636,0.15958,0.15553,0.15145,0.14733,0.14318,0.139,0.1348,0.13056,0.1263,0.12202,0.1177,0.11337,0.10901,0.10462,0.10022,0.095795,0.091351,0.086888,0.082407,0.077909,0.073396,0.068867,0.064325,0.05977,0.055203,0.050625,0.046037,0.041439,0.036834,0.032221,0.027603,0.022979,0.018351,0.01372,0.0090866,0.004452,-0.00018284,-0.0048169,-0.0094493,-0.014079,-0.018705,-0.023326,-0.027942,-0.032551,-0.037153,-0.041746,-0.046329,-0.050902,-0.055463,-0.060013,-0.064548,-0.06907,-0.073576,-0.078065,-0.082538,-0.086993,-0.091428,-0.095844,-0.10024,-0.10461,-0.10896,-0.11329,-0.11759,-0.12187,-0.12611,-0.13034,-0.13453,-0.1387,-0.14283,-0.14694,-0.15101,-0.15505,-0.15906,-0.16303,-0.16697,-0.17087,-0.17474,-0.17857,-0.18236,-0.18611,-0.18982,-0.19349,-0.19712,-0.20071,-0.20426,-0.20776,-0.21122,-0.21463,-0.21799,-0.22132,-0.22459,-0.22782,-0.23099,-0.23412,-0.2372,-0.24023,-0.24321,-0.24614,-0.24901,-0.25183,-0.2546,-0.25732,-0.25998,-0.26258,-0.26513,-0.26763,-0.27007,-0.27245,-0.27478,-0.27704,-0.27925,-0.2814,-0.28349,-0.28552,-0.2875,-0.28941,-0.29126,-0.29305,-0.29478,-0.29645,-0.29805,-0.2996,-0.30108,-0.3025,-0.30385,-0.30514,-0.30637,-0.30754,-0.30864,-0.30967,-0.31065,-0.31155,-0.3124,-0.31318,-0.31389,-0.31454,-0.31512,-0.31564,-0.3161,-0.31649,-0.31681,-0.31707,-0.31726,-0.31739,-0.31745,-0.31745,-0.31738,-0.31725,-0.31705,-0.31679,-0.31646,-0.31607,-0.31561,-0.31509,-0.3145,-0.31385,-0.31314,-0.31236,-0.31152,-0.31062,-0.30965,-0.30862,-0.30753,-0.30638,-0.30516,-0.30388,-0.30254,-0.30115,-0.29969,-0.29816,-0.29658,-0.29494,-0.29325,-0.29149,-0.28967,-0.2878,-0.28587,-0.28388,-0.28184,-0.27974,-0.27758,-0.27537,-0.27311,-0.27079,-0.26842,-0.26599,-0.26352,-0.26099,-0.25841,-0.25578,-0.2531,-0.25037,-0.24759,-0.24476,-0.24189,-0.23897,-0.236,-0.23299
4.8113,4.8044,4.7967,4.7881,4.7786,4.7684,4.7573,4.7454,4.7326,4.719,4.7046,4.6894,4.6734,4.6565,4.6388,4.6203,4.6011,4.581,4.5601,4.5384,4.5159,4.4926,4.4686,4.4437,4.4181,4.3917,4.3646,4.3367,4.308,4.2786,4.2484,4.2175,4.1859,4.1535,4.1204,4.0866,4.0521,4.0168,3.9809,3.9443,3.9069,3.8689,3.8303,3.7909,3.7509,3.7103,3.669,3.6271,3.5845,3.5413,3.4975,3.4531,3.4081,3.3624,3.3163,3.2695,3.2221,3.1742,3.1258,3.0768,3.0273,2.9772,2.9266,2.8756,2.824,2.7719,2.7193,2.6663,2.6128,2.5589,2.5045,2.4497,2.3945,2.3388,2.2827,2.2263,2.1694,2.1122,2.0546,1.9967,1.9384,1.8798,1.8208,1.7616,1.702,1.6422,1.582,1.5216,1.4609,1.4,1.3389,1.2775,1.2158,1.154,1.092,1.0298,0.96742,0.90487,0.84217,0.77932,0.71635,0.65325,0.59004,0.52673,0.46334,0.39987,0.33633,0.27274,0.2091,0.14544,0.081748,0.018048,-0.04565,-0.10934,-0.173,-0.23663,-0.30021,-0.36374,-0.4272,-0.49058,-0.55387,-0.61706,-0.68014,-0.74309,-0.80592,-0.86859,-0.93112,-0.99347,-1.0557,-1.1176,-1.1794,-1.241,-1.3024,-1.3635,-1.4244,-1.485,-1.5454,-1.6055,-1.6653,-1.7248,-1.7841,-1.843,-1.9015,-1.9598,-2.0177,-2.0752,-2.1324,-2.1892,-2.2456,-2.3017,-2.3573,-2.4125,-2.4673,-2.5216,-2.5755,-2.629,-2.6819,-2.7345,-2.7865,-2.8381,-2.8891,-2.9397,-2.9897,-3.0392,-3.0882,-3.1366,-3.1845,-3.2318,-3.2786,-3.3248,-3.3704,-3.4154,-3.4599,-3.5037,-3.5469,-3.5895,-3.6314,-3.6728,-3.7134,-3.7535,-3.7929,-3.8316,-3.8696,-3.907,-3.9437,-3.9797,-4.015,-4.0496,-4.0835,-4.1167,-4.1492,-4.181,-4.212,-4.2423,-4.2718,-4.3007,-4.3287,-4.356,-4.3826,-4.4084,-4.4334,-4.4576,-4.4811,-4.5038,-4.5257,-4.5468,-4.5672,-4.5867,-4.6055,-4.6234,-4.6405,-4.6569,-4.6724,-4.6871,-4.701,-4.7141,-4.7263,-4.7378,-4.7484,-4.7582,-4.7672,-4.7753,-4.7826,-4.7891,-4.7948,-4.7996,-4.8036,-4.8068,-4.8091,-4.8106,-4.8113,-4.8111,-4.8101,-4.8082,-4.8056,-4.8021,-4.7977,-4.7926,-4.7866,-4.7797,-4.7721,-4.7636,-4.7543,-4.7442,-4.7332,-4.7215,-4.7089,-4.6955,-4.6813,-4.6663,-4.6505,-4.6339,-4.6164,-4.5982,-4.5792,-4.5594,-4.5388,-4.5174,-4.4953,-4.4723,-4.4486,-4.4241,-4.3989,-4.3729,-4.3462,-4.3187,-4.2904,-4.2614,-4.2317,-4.2013,-4.1701,-4.1382,-4.1056,-4.0723,-4.0382,-4.0035,-3.9681,-3.932,-3.8953,-3.8578,-3.8197,-3.781,-3.7415,-3.7015,-3.6608,-3.6195,-3.5775,-3.535,-3.4918,-3.448,-3.4036,-3.3587,-3.3131,-3.267,-3.2204,-3.1731,-3.1254,-3.0771,-3.0282,-2.9789,-2.929,-2.8786,-2.8277,-2.7764,-2.7245,-2.6722,-2.6195,-2.5662,-2.5126,-2.4585,-2.4039,-2.349,-2.2937,-2.2379,-2.1818,-2.1253,-2.0684,-2.0112,-1.9536,-1.8957,-1.8374,-1.7789,-1.72,-1.6608,-1.6014,-1.5416,-1.4816,-1.4214,-1.3608,-1.3001,-1.2391,-1.1779,-1.1165,-1.0549,-0.99312,-0.93116,-0.86903,-0.80675,-0.74432,-0.68176,-0.61908,-0.55628,-0.49338,-0.43039,-0.36732,-0.30417,-0.24097,-0.17772,-0.11443,-0.05111,0.012226,0.075569,0.13891,0.20223,0.26554,0.3288,0.39202,0.45518,0.51828,0.5813,0.64423,0.70706,0.76979,0.83239,0.89486,0.9572,1.0194,1.0814,1.1433,1.2049,1.2664,1.3277,1.3888,1.4496,1.5102,1.5706,1.6307,1.6906,1.7502,1.8095,1.8685,1.9272,1.9856,2.0437,2.1014,2.1589,2.2159,2.2726,2.329,2.385,2.4405,2.4957,2.5505,2.6049,2.6588,2.7124,2.7655,2.8181,2.8703,2.922,2.9733,3.024,3.0743,3.1241,3.1734,3.2221,3.2704,3.3181,3.3653,3.4119,3.458,3.5035,3.5485,3.5929,3.6367,3.6799,3.7226,3.7646,3.806,3.8468,3.887,3.9266,3.9655,4.0038,4.0415,4.0785,4.1148,4.1505,4.1855,4.2199,4.2536,4.2865,4.3188,4.3504,4.3814,4.4116,4.4411,4.4698,4.4979,4.5253,4.5519,4.5778,4.6029,4.6274,4.6511,4.674,4.6962,4.7176,4.7383,4.7583,4.7775,4.7959,4.8135,4.8304,4.8466,4.8619,4.8765,4.8903,4.9033,4.9156,4.927,4.9377,4.9476,4.9567,4.9651,4.9726,4.9794,4.9853,4.9905,4.9949,4.9985,5.0014,5.0034,5.0046,5.0051,5.0047,5.0036,5.0017,4.999,4.9955,4.9913,4.9862,4.9804,4.9738,4.9664,4.9582,4.9493,4.9396,4.9291,4.9178,4.9058,4.893,4.8795,4.8652,4.8501,4.8343,4.8177,4.8004,4.7823,4.7635,4.744,4.7237,4.7027,4.681,4.6585,4.6353,4.6115,4.5869,4.5616,4.5356,4.5089,4.4815,4.4534,4.4246,4.3952,4.3651,4.3343,4.3029,4.2708,4.2381,4.2047,4.1707,4.136,4.1007,4.0648,4.0283,3.9912,3.9535,3.9151,3.8762,3.8368,3.7967,3.7561,3.7149,3.6731,3.6308,3.588,3.5446,3.5007,3.4563,3.4114,3.3659,3.32,3.2736,3.2267,3.1793,3.1315,3.0832,3.0345,2.9853,2.9357,2.8856,2.8352,2.7843,2.7331,2.6814,2.6294,2.577,2.5242,2.4711,2.4176,2.3638,2.3096,2.2552,2.2004,2.1453,2.0899,2.0342,1.9783,1.9221,1.8656,1.8089,1.7519,1.6947,1.6373,1.5797,1.5219,1.4638,1.4056,1.3472,1.2887,1.23,1.1711,1.1121,1.053,0.99375,0.9344,0.87495,0.8154,0.75577,0.69608,0.63631,0.5765,0.51664,0.45675,0.39683,0.3369,0.27696,0.21703,0.1571,0.097205,0.037337,-0.02249,-0.082266,-0.14198,-0.20163,-0.2612,-0.32068,-0.38006,-0.43934,-0.4985,-0.55754,-0.61645,-0.67521,-0.73382,-0.79226,-0.85054,-0.90864,-0.96655,-1.0243,-1.0818,-1.1391,-1.1961,-1.253,-1.3096,-1.3659,-1.422,-1.4778,-1.5334,-1.5886,-1.6436,-1.6983,-1.7527,-1.8067,-1.8604,-1.9138,-1.9669,-2.0196,-2.0719,-2.1239,-2.1755,-2.2267,-2.2776,-2.328,-2.378,-2.4277,-2.4769,-2.5257,-2.574,-2.6219,-2.6694,-2.7164,-2.763,-2.809,-2.8547,-2.8998,-2.9444,-2.9886,-3.0322,-3.0754,-3.118,-3.1601,-3.2017,-3.2428,-3.2833,-3.3232,-3.3627,-3.4015,-3.4399,-3.4776,-3.5148,-3.5514,-3.5874,-3.6228,-3.6577,-3.6919,-3.7256,-3.7586,-3.791,-3.8229,-3.8541,-3.8846,-3.9146,-3.9439,-3.9726,-4.0006,-4.028,-4.0548,-4.0809,-4.1063,-4.1311,-4.1552,-4.1787,-4.2015,-4.2236,-4.2451,-4.2659,-4.286,-4.3054,-4.3242,-4.3422,-4.3596,-4.3763,-4.3923,-4.4076,-4.4222,-4.4361,-4.4493,-4.4618,-4.4736,-4.4847,-4.4951,-4.5048,-4.5138,-4.5221,-4.5297,-4.5366,-4.5428,-4.5482,-4.553,-4.557,-4.5604,-4.563,-4.5649,-4.5661,-4.5666,-4.5664,-4.5655,-4.5639,-4.5616,-4.5586,-4.5549,-4.5505,-4.5453,-4.5395,-4.533,-4.5258,-4.5179,-4.5093,-4.5,-4.49,-4.4794,-4.468,-4.456,-4.4433,-4.4299,-4.4158,-4.4011,-4.3857,-4.3696,-4.3529,-4.3355,-4.3175,-4.2987,-4.2794,-4.2594,-4.2388,-4.2175,-4.1956,-4.173,-4.1498,-4.126,-4.1016,-4.0766,-4.0509,-4.0247,-3.9978,-3.9703,-3.9423,-3.9137,-3.8844,-3.8546,-3.8242,-3.7933,-3.7618,-3.7297,-3.6971,-3.6639,-3.6302,-3.5959,-3.5612,-3.5258,-3.49,-3.4537,-3.4168,-3.3794,-3.3416,-3.3032,-3.2644,-3.2251,-3.1853,-3.145,-3.1043,-3.0632,-3.0216,-2.9795,-2.937,-2.8941,-2.8508,-2.807,-2.7629,-2.7183,-2.6734,-2.628,-2.5823,-2.5362,-2.4898,-2.443,-2.3958,-2.3483,-2.3005,-2.2523,-2.2039,-2.1551,-2.106,-2.0566,-2.0069,-1.9569,-1.9066,-1.8561,-1.8054,-1.7543,-1.7031,-1.6515,-1.5998,-1.5478,-1.4957,-1.4433,-1.3907,-1.338,-1.285,-1.2319,-1.1786,-1.1252,-1.0716,-1.0178,-0.96396,-0.90997,-0.85586,-0.80164,-0.74732,-0.69291,-0.63841,-0.58384,-0.5292,-0.47449,-0.41974,-0.36494,-0.3101,-0.25524,-0.20036,-0.14547,-0.090567,-0.035674,0.019206,0.074066,0.1289,0.18369,0.23844,0.29313,0.34777,0.40233,0.45682,0.51122,0.56553,0.61974,0.67384,0.72782,0.78168,0.83541,0.88899,0.94243,0.99571,1.0488,1.1018,1.1545,1.2071,1.2595,1.3117,1.3637,1.4154,1.4669,1.5182,1.5693,1.6201,1.6707,1.721,1.771,1.8207,1.8702,1.9194,1.9683,2.0168,2.0651,2.1131,2.1607,2.208,2.2549,2.3015,2.3478,2.3937,2.4392,2.4844,2.5291,2.5735,2.6175,2.6611,2.7043,2.7471,2.7895,2.8315,2.873,2.9141,2.9548,2.995,3.0347,3.074,3.1129,3.1513,3.1892,3.2266,3.2635,3.3,3.3359,3.3714,3.4063,3.4408,3.4747,3.5081,3.541,3.5734,3.6052,3.6365,3.6673,3.6975,3.7271,3.7562,3.7848,3.8128,3.8402,3.8671,3.8933,3.919,3.9442,3.9687,3.9926,4.016,4.0388,4.0609,4.0825,4.1035,4.1238,4.1436,4.1627,4.1812,4.1991,4.2164,4.2331,4.2491,4.2645,4.2793,4.2935,4.307,4.3199,4.3322,4.3438,4.3548,4.3651,4.3748,4.3839,4.3923,4.4,4.4071,4.4136,4.4194,4.4246,4.4291,4.433,4.4362,4.4388,4.4407,4.442,4.4426,4.4426,4.4419,4.4405,4.4385,4.4359,4.4326,4.4286,4.4241,4.4188,4.4129,4.4064,4.3992,4.3914,4.3829,4.3738,4.364,4.3536,4.3426,4.3309,4.3186,4.3056,4.2921,4.2779,4.263,4.2476,4.2315,4.2148,4.1975,4.1795,4.161,4.1418,4.122,4.1016,4.0807,4.0591,4.0369,4.0141,3.9907,3.9668,3.9423,3.9171,3.8914,3.8652,3.8383,3.8109,3.783,3.7544,3.7254,3.6957,3.6656,3.6348,3.6036,3.5718,3.5395,3.5066,3.4733,3.4394,3.405,3.3701,3.3347,3.2988,3.2625,3.2256,3.1883,3.1504,3.1121,3.0734,3.0342,2.9945,2.9544,2.9138,2.8729,2.8314,2.7896,2.7473,2.7046,2.6615,2.618,2.5742,2.5299,2.4852,2.4402,2.3948,2.349,2.3029,2.2564,2.2096,2.1624,2.1149,2.0671,2.0189,1.9705,1.9217,1.8727,1.8233,1.7737,1.7238,1.6736,1.6232,1.5725,1.5215,1.4703,1.4189,1.3672,1.3154,1.2633,1.211,1.1585,1.1058,1.0529,0.99989,0.94668,0.89331,0.83978,0.7861,0.73229,0.67834,0.62427,0.57009,0.51579,0.4614,0.40691,0.35233,0.29768,0.24296,0.18817,0.13333,0.078444,0.023517,-0.031441,-0.086424,-0.14142,-0.19643,-0.25144,-0.30644,-0.36142,-0.41638,-0.47131,-0.52621,-0.58105,-0.63585,-0.69058,-0.74524,-0.79982,-0.85432,-0.90873,-0.96303,-1.0172,-1.0713,-1.1253,-1.1791,-1.2328,-1.2863,-1.3397,-1.3929,-1.446,-1.4989,-1.5516,-1.6041,-1.6564,-1.7084,-1.7603,-1.812,-1.8634,-1.9146,-1.9655,-2.0162,-2.0667,-2.1168,-2.1667,-2.2163,-2.2656,-2.3147,-2.3634,-2.4118,-2.4599,-2.5077,-2.5551,-2.6022,-2.649,-2.6954,-2.7415,-2.7872,-2.8325,-2.8774,-2.922,-2.9661,-3.0099,-3.0533,-3.0962,-3.1388,-3.1809,-3.2226,-3.2638,-3.3046,-3.345,-3.3849,-3.4243,-3.4633,-3.5018,-3.5398,-3.5774,-3.6145,-3.651,-3.6871,-3.7227,-3.7577,-3.7923,-3.8263,-3.8598,-3.8927,-3.9251,-3.957,-3.9884,-4.0192,-4.0494,-4.0791,-4.1082,-4.1367,-4.1647,-4.1921,-4.2189,-4.2451,-4.2707,-4.2957,-4.3202,-4.344,-4.3672,-4.3898,-4.4118,-4.4332,-4.454,-4.4741,-4.4936,-4.5125,-4.5308,-4.5484,-4.5654,-4.5817,-4.5974,-4.6124,-4.6268,-4.6405,-4.6536,-4.666,-4.6778,-4.6889,-4.6993,-4.7091,-4.7182,-4.7266,-4.7344,-4.7415,-4.7479,-4.7536,-4.7587,-4.7631,-4.7668,-4.7698,-4.7721,-4.7738,-4.7748,-4.7751,-4.7747,-4.7736,-4.7718,-4.7694,-4.7662,-4.7624,-4.7579,-4.7527,-4.7469,-4.7403,-4.7331,-4.7251,-4.7165,-4.7072,-4.6973,-4.6866,-4.6753,-4.6633,-4.6506,-4.6372,-4.6232,-4.6085,-4.5931,-4.577,-4.5603,-4.5429,-4.5249,-4.5062,-4.4868,-4.4668,-4.4461,-4.4248,-4.4028,-4.3802,-4.3569,-4.333,-4.3085,-4.2833,-4.2575,-4.231,-4.2039,-4.1763,-4.1479,-4.119,-4.0895,-4.0593,-4.0286,-3.9973,-3.9653,-3.9328,-3.8997,-3.866,-3.8317,-3.7968,-3.7614,-3.7254,-3.6889,-3.6518,-3.6142,-3.576,-3.5373,-3.498,-3.4582,-3.4179,-3.3771,-3.3357,-3.2939,-3.2515,-3.2087,-3.1654,-3.1216,-3.0773,-3.0325,-2.9873,-2.9416,-2.8955,-2.8489,-2.8019,-2.7544,-2.7066,-2.6583,-2.6095,-2.5604,-2.5109,-2.461,-2.4107,-2.3601,-2.309,-2.2576,-2.2059,-2.1538,-2.1013,-2.0486,-1.9954,-1.942,-1.8883,-1.8343,-1.7799,-1.7253,-1.6704,-1.6152,-1.5598,-1.5041,-1.4482,-1.392,-1.3356,-1.2789,-1.2221,-1.165,-1.1078,-1.0503,-0.99268,-0.93488,-0.87691,-0.81878,-0.76051,-0.70209,-0.64355,-0.58488,-0.52609,-0.4672,-0.40822,-0.34914,-0.28999,-0.23076,-0.17148,-0.11214,-0.052754,0.006665,0.066111,0.12558,0.18505,0.24452,0.30399,0.36343,0.42285,0.48224,0.54158,0.60087,0.66009,0.71925,0.77832,0.83731,0.8962,0.95498,1.0136,1.0722,1.1306,1.1889,1.247,1.3049,1.3627,1.4203,1.4778,1.535,1.592,1.6488,1.7054,1.7618,1.8179,1.8738,1.9294,1.9848,2.0398,2.0946,2.1491,2.2034,2.2573,2.3109,2.3641,2.4171,2.4697,2.5219,2.5738,2.6253,2.6765,2.7273,2.7776,2.8276,2.8772,2.9264,2.9751,3.0235,3.0714,3.1188,3.1658,3.2123,3.2584,3.304,3.3491,3.3938,3.4379,3.4815,3.5247,3.5673,3.6094,3.6509,3.692,3.7325,3.7724,3.8118,3.8506,3.8888,3.9265,3.9636,4.0001,4.036,4.0713,4.106,4.1401,4.1736,4.2065,4.2387,4.2703,4.3013,4.3316,4.3613,4.3903,4.4186,4.4463,4.4734,4.4997,4.5254,4.5504,4.5747,4.5983,4.6213,4.6435,4.665,4.6858,4.706,4.7253,4.744,4.762,4.7792,4.7957,4.8115,4.8266,4.8409,4.8544,4.8673,4.8794,4.8907,4.9013,4.9112,4.9202,4.9286,4.9362,4.943,4.949,4.9543,4.9589,4.9627,4.9657,4.9679,4.9694,4.9701,4.9701,4.9692,4.9676,4.9653,4.9621,4.9582,4.9536,4.9481,4.9419,4.9349,4.9272,4.9187,4.9094,4.8993,4.8885,4.877,4.8646,4.8515,4.8377,4.823,4.8077,4.7915,4.7747,4.757,4.7387,4.7196,4.6997,4.6791,4.6577,4.6357,4.6129,4.5893,4.5651,4.5401,4.5144,4.488,4.4609,4.433,4.4045,4.3752,4.3453,4.3147,4.2834,4.2514,4.2187,4.1854,4.1514,4.1167,4.0814,4.0454,4.0087,3.9715,3.9335,3.895,3.8558,3.816,3.7756,3.7346,3.693,3.6508,3.608,3.5646,3.5206,3.4761,3.431,3.3854,3.3392,3.2924,3.2451,3.1973,3.149,3.1002,3.0508,3.001,2.9506,2.8998,2.8485,2.7967,2.7445,2.6918,2.6387,2.5851,2.5311,2.4767,2.4219,2.3667,2.3111,2.2551,2.1987,2.142,2.0849,2.0274,1.9696,1.9115,1.853,1.7943,1.7352,1.6758,1.6162,1.5563,1.4961,1.4356,1.3749,1.314,1.2528,1.1914,1.1298,1.068,1.006,0.94388,0.88154,0.81904,0.75639,0.69359,0.63067,0.56763,0.50448,0.44122,0.37788,0.31445,0.25095,0.1874,0.12379,0.060144,-0.0035318,-0.067227,-0.13093,-0.19464,-0.25833,-0.322,-0.38564,-0.44923,-0.51278,-0.57626,-0.63967,-0.703,-0.76623,-0.82936,-0.89237,-0.95527,-1.018,-1.0806,-1.1431,-1.2054,-1.2675,-1.3294,-1.3912,-1.4527,-1.514,-1.5751,-1.636,-1.6966,-1.7569,-1.817,-1.8769,-1.9364,-1.9956,-2.0546,-2.1132,-2.1715,-2.2294,-2.2871,-2.3443,-2.4012,-2.4578,-2.5139,-2.5697,-2.6251,-2.68,-2.7346,-2.7887,-2.8424,-2.8956,-2.9484,-3.0007,-3.0526,-3.1039,-3.1548,-3.2052,-3.2551,-3.3045,-3.3533,-3.4016,-3.4494,-3.4967,-3.5433,-3.5895,-3.635,-3.68,-3.7244,-3.7682,-3.8114,-3.854,-3.896,-3.9374,-3.9781,-4.0182,-4.0577,-4.0965,-4.1346,-4.1721,-4.209,-4.2451,-4.2806,-4.3154,-4.3495,-4.3829,-4.4156,-4.4476,-4.4789,-4.5094,-4.5392,-4.5683,-4.5967,-4.6243,-4.6512,-4.6774,-4.7027,-4.7274,-4.7512,-4.7743,-4.7966,-4.8182,-4.8389,-4.8589,-4.8781,-4.8965,-4.9141,-4.931,-4.947,-4.9622,-4.9766,-4.9902,-5.003,-5.015,-5.0262,-5.0365,-5.0461,-5.0548,-5.0627,-5.0698,-5.076,-5.0815,-5.0861,-5.0898,-5.0928,-5.0949,-5.0962,-5.0966,-5.0963,-5.095,-5.093,-5.0901,-5.0864,-5.0819,-5.0766,-5.0704,-5.0634,-5.0555,-5.0469,-5.0374,-5.0271,-5.0159,-5.004,-4.9912,-4.9776,-4.9632,-4.948,-4.932,-4.9151,-4.8975,-4.8791,-4.8598,-4.8398,-4.819,-4.7974,-4.775,-4.7518,-4.7279,-4.7031,-4.6776,-4.6514,-4.6243,-4.5965,-4.568,-4.5387,-4.5087,-4.4779,-4.4464,-4.4142,-4.3812,-4.3476,-4.3132,-4.2781,-4.2423,-4.2058,-4.1686,-4.1308,-4.0922,-4.053,-4.0131,-3.9726,-3.9314,-3.8896,-3.8471,-3.804,-3.7603,-3.716,-3.6711,-3.6255,-3.5794,-3.5327,-3.4854,-3.4375,-3.3891,-3.3401,-3.2906,-3.2405,-3.19,-3.1388,-3.0872,-3.0351,-2.9825,-2.9294,-2.8758,-2.8218,-2.7672,-2.7123,-2.6569,-2.6011,-2.5448,-2.4882,-2.4311,-2.3736,-2.3158,-2.2576,-2.199,-2.1401,-2.0808,-2.0212,-1.9613,-1.901,-1.8405,-1.7796,-1.7185,-1.6571,-1.5955,-1.5336,-1.4714,-1.409,-1.3464,-1.2836,-1.2206,-1.1574,-1.094,-1.0305,-0.96678,-0.90293,-0.83896,-0.77485,-0.71064,-0.64632,-0.58192,-0.51743,-0.45288,-0.38826,-0.3236,-0.25891,-0.19419,-0.12945,-0.064716,1.2883e-05,0.064722,0.1294,0.19404,0.25862,0.32315,0.38759,0.45195,0.51622,0.58038,0.64442,0.70833,0.7721,0.83572,0.89917,0.96246,1.0256,1.0885,1.1512,1.2137,1.2759,1.3379,1.3997,1.4612,1.5225,1.5834,1.6441,1.7045,1.7646,1.8243,1.8837,1.9428,2.0015,2.0599,2.1179,2.1755,2.2327,2.2895,2.3459,2.4019,2.4574,2.5126,2.5672,2.6214,2.6752,2.7284,2.7812,2.8335,2.8853,2.9365,2.9873,3.0375,3.0872,3.1363,3.1849,3.2329,3.2803,3.3271,3.3734,3.4191,3.4641,3.5086,3.5524,3.5956,3.6382,3.6801,3.7214,3.762,3.802,3.8412,3.8798,3.9178,3.955,3.9915,4.0274,4.0625,4.0969,4.1306,4.1636,4.1958,4.2273,4.258,4.288,4.3173,4.3458,4.3735,4.4004,4.4266,4.452,4.4767,4.5005,4.5235,4.5458,4.5673,4.5879,4.6078,4.6268,4.645,4.6624,4.679,4.6948,4.7098,4.7239,4.7372,4.7497,4.7613,4.7721,4.7821,4.7912,4.7995,4.807,4.8136,4.8193,4.8243,4.8283,4.8316,4.834,4.8355,4.8362,4.836,4.835,4.8332,4.8305,4.827,4.8226,4.8174,4.8113,4.8044,4.7967,4.7881,4.7786,4.7684,4.7573,4.7454,4.7326,4.719,4.7046,4.6894,4.6734,4.6565,4.6388,4.6203,4.6011,4.581,4.5601,4.5384,4.5159,4.4926,4.4686,4.4437,4.4181,4.3917,4.3646,4.3367,4.308,4.2786,4.2484,4.2175,4.1859,4.1535,4.1204,4.0866,4.0521,4.0168,3.9809,3.9443,3.9069,3.8689,3.8303,3.7909,3.7509,3.7103,3.669,3.6271,3.5845,3.5413,3.4975,3.4531,3.4081,3.3624,3.3163,3.2695,3.2221,3.1742,3.1258,3.0768,3.0273,2.9772,2.9266,2.8756,2.824,2.7719,2.7193,2.6663,2.6128,2.5589,2.5045,2.4497,2.3945,2.3388,2.2827,2.2263,2.1694,2.1122,2.0546,1.9967,1.9384,1.8798,1.8208,1.7616,1.702,1.6422,1.582,1.5216,1.4609,1.4,1.3389,1.2775,1.2158,1.154,1.092,1.0298,0.96742,0.90487,0.84217,0.77932,0.71635,0.65325,0.59004,0.52673,0.46334,0.39987,0.33633,0.27274,0.2091,0.14544,0.081748,0.018048,-0.04565,-0.10934,-0.173,-0.23663,-0.30021,-0.36374,-0.4272,-0.49058,-0.55387,-0.61706,-0.68014,-0.74309,-0.80592,-0.86859,-0.93112,-0.99347,-1.0557,-1.1176,-1.1794,-1.241,-1.3024,-1.3635,-1.4244,-1.485,-1.5454,-1.6055,-1.6653,-1.7248,-1.7841,-1.843,-1.9015,-1.9598,-2.0177,-2.0752,-2.1324,-2.1892,-2.2456,-2.3017,-2.3573,-2.4125,-2.4673,-2.5216,-2.5755,-2.629,-2.6819,-2.7345,-2.7865,-2.8381,-2.8891,-2.9397,-2.9897,-3.0392,-3.0882,-3.1366,-3.1845,-3.2318,-3.2786,-3.3248,-3.3704,-3.4154,-3.4599,-3.5037,-3.5469,-3.5895,-3.6314,-3.6728,-3.7134,-3.7535,-3.7929,-3.8316,-3.8696,-3.907,-3.9437,-3.9797,-4.015,-4.0496,-4.0835,-4.1167,-4.1492,-4.181,-4.212,-4.2423,-4.2718,-4.3007,-4.3287,-4.356,-4.3826,-4.4084,-4.4334,-4.4576,-4.4811,-4.5038,-4.5257,-4.5468,-4.5672,-4.5867,-4.6055,-4.6234,-4.6405,-4.6569,-4.6724,-4.6871,-4.701,-4.7141,-4.7263,-4.7378,-4.7484,-4.7582,-4.7672,-4.7753,-4.7826,-4.7891,-4.7948,-4.7996,-4.8036,-4.8068,-4.8091,-4.8106,-4.8113,-4.8111,-4.8101,-4.8082,-4.8056,-4.8021,-4.7977,-4.7926,-4.7866,-4.7797,-4.7721,-4.7636,-4.7543,-4.7442,-4.7332,-4.7215,-4.7089,-4.6955,-4.6813,-4.6663,-4.6505,-4.6339,-4.6164,-4.5982,-4.5792,-4.5594,-4.5388,-4.5174,-4.4953,-4.4723,-4.4486,-4.4241,-4.3989,-4.3729,-4.3462,-4.3187,-4.2904,-4.2614,-4.2317,-4.2013,-4.1701,-4.1382,-4.1056,-4.0723,-4.0382,-4.0035,-3.9681,-3.932,-3.8953,-3.8578,-3.8197,-3.781,-3.7415,-3.7015,-3.6608,-3.6195,-3.5775,-3.535,-3.4918,-3.448,-3.4036,-3.3587,-3.3131,-3.267,-3.2204,-3.1731,-3.1254,-3.0771,-3.0282,-2.9789,-2.929,-2.8786,-2.8277,-2.7764,-2.7245,-2.6722,-2.6195,-2.5662,-2.5126,-2.4585,-2.4039,-2.349,-2.2937,-2.2379,-2.1818,-2.1253,-2.0684,-2.0112,-1.9536,-1.8957,-1.8374,-1.7789,-1.72,-1.6608,-1.6014,-1.5416,-1.4816,-1.4214,-1.3608,-1.3001,-1.2391,-1.1779,-1.1165,-1.0549,-0.99312,-0.93116,-0.86903,-0.80675,-0.74432,-0.68176,-0.61908,-0.55628,-0.49338,-0.43039,-0.36732,-0.30417,-0.24097,-0.17772,-0.11443,-0.05111,0.012226,0.075569,0.13891,0.20223,0.26554,0.3288,0.39202,0.45518,0.51828,0.5813,0.64423,0.70706,0.76979,0.83239,0.89486,0.9572,1.0194,1.0814,1.1433,1.2049,1.2664,1.3277,1.3888,1.4496,1.5102,1.5706,1.6307,1.6906,1.7502,1.8095,1.8685,1.9272,1.9856,2.0437,2.1014,2.1589,2.2159,2.2726,2.329,2.385,2.4405,2.4957,2.5505,2.6049,2.6588,2.7124,2.7655,2.8181,2.8703,2.922,2.9733,3.024,3.0743,3.1241,3.1734,3.2221,3.2704,3.3181,3.3653,3.4119,3.458,3.5035,3.5485,3.5929,3.6367,3.6799,3.7226,3.7646,3.806,3.8468,3.887,3.9266,3.9655,4.0038,4.0415,4.0785,4.1148,4.1505,4.1855,4.2199,4.2536,4.2865,4.3188,4.3504,4.3814,4.4116,4.4411,4.4698,4.4979,4.5253,4.5519,4.5778,4.6029,4.6274,4.6511,4.674,4.6962,4.7176,4.7383,4.7583,4.7775,4.7959,4.8135,4.8304,4.8466,4.8619,4.8765,4.8903,4.9033,4.9156,4.927,4.9377,4.9476,4.9567,4.9651,4.9726,4.9794,4.9853,4.9905,4.9949,4.9985,5.0014,5.0034,5.0046,5.0051,5.0047,5.0036,5.0017,4.999,4.9955,4.9913,4.9862,4.9804,4.9738,4.9664,4.9582,4.9493,4.9396,4.9291,4.9178,4.9058,4.893,4.8795,4.8652,4.8501,4.8343,4.8177,4.8004,4.7823,4.7635,4.744,4.7237,4.7027,4.681,4.6585,4.6353,4.6115,4.5869,4.5616,4.5356,4.5089,4.4815,4.4534,4.4246,4.3952,4.3651,4.3343,4.3029,4.2708,4.2381,4.2047,4.1707,4.136,4.1007,4.0648,4.0283,3.9912,3.9535,3.9151,3.8762,3.8368,3.7967,3.7561,3.7149,3.6731,3.6308,3.588,3.5446,3.5007,3.4563,3.4114,3.3659,3.32,3.2736,3.2267,3.1793,3.1315,3.0832,3.0345,2.9853,2.9357,2.8856,2.8352,2.7843,2.7331,2.6814,2.6294,2.577,2.5242,2.4711,2.4176,2.3638,2.3096,2.2552,2.2004,2.1453,2.0899,2.0342,1.9783,1.9221,1.8656,1.8089,1.7519,1.6947,1.6373,1.5797,1.5219,1.4638,1.4056,1.3472,1.2887,1.23,1.1711,1.1121,1.053,0.99375,0.9344,0.87495,0.8154,0.75577,0.69608,0.63631,0.5765,0.51664,0.45675,0.39683,0.3369,0.27696,0.21703,0.1571,0.097205,0.037337,-0.02249,-0.082266,-0.14198,-0.20163,-0.2612,-0.32068,-0.38006,-0.43934,-0.4985,-0.55754,-0.61645,-0.67521,-0.73382,-0.79226,-0.85054,-0.90864,-0.96655,-1.0243,-1.0818,-1.1391,-1.1961,-1.253,-1.3096,-1.3659,-1.422,-1.4778,-1.5334,-1.5886,-1.6436,-1.6983,-1.7527,-1.8067,-1.8604,-1.9138,-1.9669,-2.0196,-2.0719,-2.1239,-2.1755,-2.2267,-2.2776,-2.328,-2.378,-2.4277,-2.4769,-2.5257,-2.574,-2.6219,-2.6694,-2.7164,-2.763,-2.809,-2.8547,-2.8998,-2.9444,-2.9886,-3.0322,-3.0754,-3.118,-3.1601,-3.2017,-3.2428,-3.2833,-3.3232,-3.3627,-3.4015,-3.4399,-3.4776,-3.5148,-3.5514,-3.5874,-3.6228,-3.6577,-3.6919,-3.7256,-3.7586,-3.791,-3.8229,-3.8541,-3.8846,-3.9146,-3.9439,-3.9726,-4.0006,-4.028,-4.0548,-4.0809,-4.1063,-4.1311,-4.1552,-4.1787,-4.2015,-4.2236,-4.2451,-4.2659,-4.286,-4.3054,-4.3242,-4.3422,-4.3596,-4.3763,-4.3923,-4.4076,-4.4222,-4.4361,-4.4493,-4.4618,-4.4736,-4.4847,-4.4951,-4.5048,-4.5138,-4.5221,-4.5297,-4.5366,-4.5428,-4.5482,-4.553,-4.557,-4.5604,-4.563,-4.5649,-4.5661,-4.5666,-4.5664,-4.5655,-4.5639,-4.5616,-4.5586,-4.5549,-4.5505,-4.5453,-4.5395,-4.533,-4.5258,-4.5179,-4.5093,-4.5,-4.49,-4.4794,-4.468,-4.456,-4.4433,-4.4299,-4.4158,-4.4011,-4.3857,-4.3696,-4.3529,-4.3355,-4.3175,-4.2987,-4.2794,-4.2594,-4.2388,-4.2175,-4.1956,-4.173,-4.1498,-4.126,-4.1016,-4.0766,-4.0509,-4.0247,-3.9978,-3.9703,-3.9423,-3.9137,-3.8844,-3.8546,-3.8242,-3.7933,-3.7618,-3.7297,-3.6971,-3.6639,-3.6302,-3.5959,-3.5612,-3.5258,-3.49,-3.4537,-3.4168,-3.3794,-3.3416,-3.3032,-3.2644,-3.2251,-3.1853,-3.145,-3.1043,-3.0632,-3.0216,-2.9795,-2.937,-2.8941,-2.8508,-2.807,-2.7629,-2.7183,-2.6734,-2.628,-2.5823,-2.5362,-2.4898,-2.443,-2.3958,-2.3483,-2.3005,-2.2523,-2.2039,-2.1551,-2.106,-2.0566,-2.0069,-1.9569,-1.9066,-1.8561,-1.8054,-1.7543,-1.7031,-1.6515,-1.5998,-1.5478,-1.4957,-1.4433,-1.3907,-1.338,-1.285,-1.2319,-1.1786,-1.1252,-1.0716,-1.0178,-0.96396,-0.90997,-0.85586,-0.80164,-0.74732,-0.69291,-0.63841,-0.58384,-0.5292,-0.47449,-0.41974,-0.36494,-0.3101,-0.25524,-0.20036,-0.14547,-0.090567,-0.035674,0.019206,0.074066,0.1289,0.18369,0.23844,0.29313,0.34777,0.40233,0.45682,0.51122,0.56553,0.61974,0.67384,0.72782,0.78168,0.83541,0.88899,0.94243,0.99571,1.0488,1.1018,1.1545,1.2071,1.2595,1.3117,1.3637,1.4154,1.4669,1.5182,1.5693,1.6201,1.6707,1.721,1.771,1.8207,1.8702,1.9194,1.9683,2.0168,2.0651,2.1131,2.1607,2.208,2.2549,2.3015,2.3478,2.3937,2.4392,2.4844,2.5291,2.5735,2.6175,2.6611,2.7043,2.7471,2.7895,2.8315,2.873,2.9141,2.9548,2.995,3.0347,3.074,3.1129,3.1513,3.1892,3.2266,3.2635,3.3,3.3359,3.3714,3.4063,3.4408,3.4747,3.5081,3.541,3.5734,3.6052,3.6365,3.6673,3.6975,3.7271,3.7562,3.7848,3.8128,3.8402,3.8671,3.8933,3.919,3.9442,3.9687,3.9926,4.016,4.0388,4.0609,4.0825,4.1035,4.1238,4.1436,4.1627,4.1812,4.1991,4.2164,4.2331,4.2491,4.2645,4.2793,4.2935,4.307,4.3199,4.3322,4.3438,4.3548,4.3651,4.3748,4.3839,4.3923,4.4,4.4071,4.4136,4.4194,4.4246,4.4291,4.433,4.4362,4.4388,4.4407,4.442,4.4426,4.4426,4.4419,4.4405,4.4385,4.4359,4.4326,4.4286,4.4241,4.4188,4.4129,4.4064,4.3992,4.3914,4.3829,4.3738,4.364,4.3536,4.3426,4.3309,4.3186,4.3056,4.2921,4.2779,4.263,4.2476,4.2315,4.2148,4.1975,4.1795,4.161,4.1418,4.122,4.1016,4.0807,4.0591,4.0369,4.0141,3.9907,3.9668,3.9423,3.9171,3.8914,3.8652,3.8383,3.8109,3.783,3.7544,3.7254,3.6957,3.6656,3.6348,3.6036,3.5718,3.5395,3.5066,3.4733,3.4394,3.405,3.3701,3.3347,3.2988,3.2625,3.2256,3.1883,3.1504,3.1121,3.0734,3.0342,2.9945,2.9544,2.9138,2.8729,2.8314,2.7896,2.7473,2.7046,2.6615,2.618,2.5742,2.5299,2.4852,2.4402,2.3948,2.349,2.3029,2.2564,2.2096,2.1624,2.1149,2.0671,2.0189,1.9705,1.9217,1.8727,1.8233,1.7737,1.7238,1.6736,1.6232,1.5725,1.5215,1.4703,1.4189,1.3672,1.3154,1.2633,1.211,1.1585,1.1058,1.0529,0.99989,0.94668,0.89331,0.83978,0.7861,0.73229,0.67834,0.62427,0.57009,0.51579,0.4614,0.40691,0.35233,0.29768,0.24296,0.18817,0.13333,0.078444,0.023517,-0.031441,-0.086424,-0.14142,-0.19643,-0.25144,-0.30644,-0.36142,-0.41638,-0.47131,-0.52621,-0.58105,-0.63585,-0.69058,-0.74524,-0.79982,-0.85432,-0.90873,-0.96303,-1.0172,-1.0713,-1.1253,-1.1791,-1.2328,-1.2863,-1.3397,-1.3929,-1.446,-1.4989,-1.5516,-1.6041,-1.6564,-1.7084,-1.7603,-1.812,-1.8634,-1.9146,-1.9655,-2.0162,-2.0667,-2.1168,-2.1667,-2.2163,-2.2656,-2.3147,-2.3634,-2.4118,-2.4599,-2.5077,-2.5551,-2.6022,-2.649,-2.6954,-2.7415,-2.7872,-2.8325,-2.8774,-2.922,-2.9661,-3.0099,-3.0533,-3.0962,-3.1388,-3.1809,-3.2226,-3.2638,-3.3046,-3.345,-3.3849,-3.4243,-3.4633,-3.5018,-3.5398,-3.5774,-3.6145,-3.651,-3.6871,-3.7227,-3.7577,-3.7923,-3.8263,-3.8598,-3.8927,-3.9251,-3.957,-3.9884,-4.0192,-4.0494,-4.0791,-4.1082,-4.1367,-4.1647,-4.1921,-4.2189,-4.2451,-4.2707,-4.2957,-4.3202,-4.344,-4.3672,-4.3898,-4.4118,-4.4332,-4.454,-4.4741,-4.4936,-4.5125,-4.5308,-4.5484,-4.5654,-4.5817,-4.5974,-4.6124,-4.6268,-4.6405,-4.6536,-4.666,-4.6778,-4.6889,-4.6993,-4.7091,-4.7182,-4.7266,-4.7344,-4.7415,-4.7479,-4.7536,-4.7587,-4.7631,-4.7668,-4.7698,-4.7721,-4.7738,-4.7748,-4.7751,-4.7747,-4.7736,-4.7718,-4.7694,-4.7662,-4.7624,-4.7579,-4.7527,-4.7469,-4.7403,-4.7331,-4.7251,-4.7165,-4.7072,-4.6973,-4.6866,-4.6753,-4.6633,-4.6506,-4.6372,-4.6232,-4.6085,-4.5931,-4.577,-4.5603,-4.5429,-4.5249,-4.5062,-4.4868,-4.4668,-4.4461,-4.4248,-4.4028,-4.3802,-4.3569,-4.333,-4.3085,-4.2833,-4.2575,-4.231,-4.2039,-4.1763,-4.1479,-4.119,-4.0895,-4.0593,-4.0286,-3.9973,-3.9653,-3.9328,-3.8997,-3.866,-3.8317,-3.7968,-3.7614,-3.7254,-3.6889,-3.6518,-3.6142,-3.576,-3.5373,-3.498,-3.4582,-3.4179,-3.3771,-3.3357,-3.2939,-3.2515,-3.2087,-3.1654,-3.1216,-3.0773,-3.0325,-2.9873,-2.9416,-2.8955,-2.8489,-2.8019,-2.7544,-2.7066,-2.6583,-2.6095,-2.5604,-2.5109,-2.461,-2.4107,-2.3601,-2.309,-2.2576,-2.2059,-2.1538,-2.1013,-2.0486,-1.9954,-1.942,-1.8883,-1.8343,-1.7799,-1.7253,-1.6704,-1.6152,-1.5598,-1.5041,-1.4482,-1.392,-1.3356,-1.2789,-1.2221,-1.165,-1.1078,-1.0503,-0.99268,-0.93488,-0.87691,-0.81878,-0.76051,-0.70209,-0.64355,-0.58488,-0.52609,-0.4672,-0.40822,-0.34914,-0.28999,-0.23076,-0.17148,-0.11214,-0.052754,0.006665,0.066111,0.12558,0.18505,0.24452,0.30399,0.36343,0.42285,0.48224,0.54158,0.60087,0.66009,0.71925,0.77832,0.83731,0.8962,0.95498,1.0136,1.0722,1.1306,1.1889,1.247,1.3049,1.3627,1.4203,1.4778,1.535,1.592,1.6488,1.7054,1.7618,1.8179,1.8738,1.9294,1.9848,2.0398,2.0946,2.1491,2.2034,2.2573,2.3109,2.3641,2.4171,2.4697,2.5219,2.5738,2.6253,2.6765,2.7273,2.7776,2.8276,2.8772,2.9264,2.9751,3.0235,3.0714,3.1188,3.1658,3.2123,3.2584,3.304,3.3491,3.3938,3.4379,3.4815,3.5247,3.5673,3.6094,3.6509,3.692,3.7325,3.7724,3.8118,3.8506,3.8888,3.9265,3.9636,4.0001,4.036,4.0713,4.106,4.1401,4.1736,4.2065,4.2387,4.2703,4.3013,4.3316,4.3613,4.3903,4.4186,4.4463,4.4734,4.4997,4.5254,4.5504,4.5747,4.5983,4.6213,4.6435,4.665,4.6858,4.706,4.7253,4.744,4.762,4.7792,4.7957,4.8115,4.8266,4.8409,4.8544,4.8673,4.8794,4.8907,4.9013,4.9112,4.9202,4.9286,4.9362,4.943,4.949,4.9543,4.9589,4.9627,4.9657,4.9679,4.9694,4.9701,4.9701,4.9692,4.9676,4.9653,4.9621,4.9582,4.9536,4.9481,4.9419,4.9349,4.9272,4.9187,4.9094,4.8993,4.8885,4.877,4.8646,4.8515,4.8377,4.823,4.8077,4.7915,4.7747,4.757,4.7387,4.7196,4.6997,4.6791,4.6577,4.6357,4.6129,4.5893,4.5651,4.5401,4.5144,4.488,4.4609,4.433,4.4045,4.3752,4.3453,4.3147,4.2834,4.2514,4.2187,4.1854,4.1514,4.1167,4.0814,4.0454,4.0087,3.9715,3.9335,3.895,3.8558,3.816,3.7756,3.7346,3.693,3.6508,3.608,3.5646,3.5206,3.4761,3.431,3.3854,3.3392,3.2924,3.2451,3.1973,3.149,3.1002,3.0508,3.001,2.9506,2.8998,2.8485,2.7967,2.7445,2.6918,2.6387,2.5851,2.5311,2.4767,2.4219,2.3667,2.3111,2.2551,2.1987,2.142,2.0849,2.0274,1.9696,1.9115,1.853,1.7943,1.7352,1.6758,1.6162,1.5563,1.4961,1.4356,1.3749,1.314,1.2528,1.1914,1.1298,1.068,1.006,0.94388,0.88154,0.81904,0.75639,0.69359,0.63067,0.56763,0.50448,0.44122,0.37788,0.31445,0.25095,0.1874,0.12379,0.060144,-0.0035318,-0.067227,-0.13093,-0.19464,-0.25833,-0.322,-0.38564,-0.44923,-0.51278,-0.57626,-0.63967,-0.703,-0.76623,-0.82936,-0.89237,-0.95527,-1.018,-1.0806,-1.1431,-1.2054,-1.2675,-1.3294,-1.3912,-1.4527,-1.514,-1.5751,-1.636,-1.6966,-1.7569,-1.817,-1.8769,-1.9364,-1.9956,-2.0546,-2.1132,-2.1715,-2.2294,-2.2871,-2.3443,-2.4012,-2.4578,-2.5139,-2.5697,-2.6251,-2.68,-2.7346,-2.7887,-2.8424,-2.8956,-2.9484,-3.0007,-3.0526,-3.1039,-3.1548,-3.2052,-3.2551,-3.3045,-3.3533,-3.4016,-3.4494,-3.4967,-3.5433,-3.5895,-3.635,-3.68,-3.7244,-3.7682,-3.8114,-3.854,-3.896,-3.9374,-3.9781,-4.0182,-4.0577,-4.0965,-4.1346,-4.1721,-4.209,-4.2451,-4.2806,-4.3154,-4.3495,-4.3829,-4.4156,-4.4476,-4.4789,-4.5094,-4.5392,-4.5683,-4.5967,-4.6243,-4.6512,-4.6774,-4.7027,-4.7274,-4.7512,-4.7743,-4.7966,-4.8182,-4.8389,-4.8589,-4.8781,-4.8965,-4.9141,-4.931,-4.947,-4.9622,-4.9766,-4.9902,-5.003,-5.015,-5.0262,-5.0365,-5.0461,-5.0548,-5.0627,-5.0698,-5.076,-5.0815,-5.0861,-5.0898,-5.0928,-5.0949,-5.0962,-5.0966,-5.0963,-5.095,-5.093,-5.0901,-5.0864,-5.0819,-5.0766,-5.0704,-5.0634,-5.0555,-5.0469,-5.0374,-5.0271,-5.0159,-5.004,-4.9912,-4.9776,-4.9632,-4.948,-4.932,-4.9151,-4.8975,-4.8791,-4.8598,-4.8398,-4.819,-4.7974,-4.775,-4.7518,-4.7279,-4.7031,-4.6776,-4.6514,-4.6243,-4.5965,-4.568,-4.5387,-4.5087,-4.4779,-4.4464,-4.4142,-4.3812,-4.3476,-4.3132,-4.2781,-4.2423,-4.2058,-4.1686,-4.1308,-4.0922,-4.053,-4.0131,-3.9726,-3.9314,-3.8896,-3.8471,-3.804,-3.7603,-3.716,-3.6711,-3.6255,-3.5794,-3.5327,-3.4854,-3.4375,-3.3891,-3.3401,-3.2906,-3.2405,-3.19,-3.1388,-3.0872,-3.0351,-2.9825,-2.9294,-2.8758,-2.8218,-2.7672,-2.7123,-2.6569,-2.6011,-2.5448,-2.4882,-2.4311,-2.3736,-2.3158,-2.2576,-2.199,-2.1401,-2.0808,-2.0212,-1.9613,-1.901,-1.8405,-1.7796,-1.7185,-1.6571,-1.5955,-1.5336,-1.4714,-1.409,-1.3464,-1.2836,-1.2206,-1.1574,-1.094,-1.0305,-0.96678,-0.90293,-0.83896,-0.77485,-0.71064,-0.64632,-0.58192,-0.51743,-0.45288,-0.38826,-0.3236,-0.25891,-0.19419,-0.12945,-0.064716,1.2883e-05,0.064722,0.1294,0.19404,0.25862,0.32315,0.38759,0.45195,0.51622,0.58038,0.64442,0.70833,0.7721,0.83572,0.89917,0.96246,1.0256,1.0885,1.1512,1.2137,1.2759,1.3379,1.3997,1.4612,1.5225,1.5834,1.6441,1.7045,1.7646,1.8243,1.8837,1.9428,2.0015,2.0599,2.1179,2.1755,2.2327,2.2895,2.3459,2.4019,2.4574,2.5126,2.5672,2.6214,2.6752,2.7284,2.7812,2.8335,2.8853,2.9365,2.9873,3.0375,3.0872,3.1363,3.1849,3.2329,3.2803,3.3271,3.3734,3.4191,3.4641,3.5086,3.5524,3.5956,3.6382,3.6801,3.7214,3.762,3.802,3.8412,3.8798,3.9178,3.955,3.9915,4.0274,4.0625,4.0969,4.1306,4.1636,4.1958,4.2273,4.258,4.288,4.3173,4.3458,4.3735,4.4004,4.4266,4.452,4.4767,4.5005,4.5235,4.5458,4.5673,4.5879,4.6078,4.6268,4.645,4.6624,4.679,4.6948,4.7098,4.7239,4.7372,4.7497,4.7613,4.7721,4.7821,4.7912,4.7995,4.807,4.8136,4.8193,4.8243,4.8283,4.8316,4.834,4.8355,4.8362,4.836,4.835,4.8332,4.8305,4.827,4.8226,4.8174,4.8113,4.8044,4.7967,4.7881,4.7786,4.7684,4.7573,4.7454,4.7326,4.719,4.7046,4.6894,4.6734,4.6565,4.6388,4.6203,4.6011,4.581,4.5601,4.5384,4.5159,4.4926,4.4686,4.4437,4.4181,4.3917,4.3646,4.3367,4.308,4.2786,4.2484,4.2175,4.1859,4.1535,4.1204,4.0866,4.0521,4.0168,3.9809,3.9443,3.9069,3.8689,3.8303,3.7909,3.7509,3.7103,3.669,3.6271,3.5845,3.5413,3.4975,3.4531,3.4081,3.3624,3.3163,3.2695,3.2221,3.1742,3.1258,3.0768,3.0273,2.9772,2.9266,2.8756,2.824,2.7719,2.7193,2.6663,2.6128,2.5589,2.5045,2.4497,2.3945,2.3388,2.2827,2.2263,2.1694,2.1122,2.0546,1.9967,1.9384,1.8798,1.8208,1.7616,1.702,1.6422,1.582,1.5216,1.4609,1.4,1.3389,1.2775,1.2158,1.154,1.092,1.0298,0.96742,0.90487,0.84217,0.77932,0.71635,0.65325,0.59004,0.52673,0.46334,0.39987,0.33633,0.27274,0.2091,0.14544,0.081748,0.018048,-0.04565,-0.10934,-0.173,-0.23663,-0.30021,-0.36374,-0.4272,-0.49058,-0.55387,-0.61706,-0.68014,-0.74309,-0.80592,-0.86859,-0.93112,-0.99347,-1.0557,-1.1176,-1.1794,-1.241,-1.3024,-1.3635,-1.4244,-1.485,-1.5454,-1.6055,-1.6653,-1.7248,-1.7841,-1.843,-1.9015,-1.9598,-2.0177,-2.0752,-2.1324,-2.1892,-2.2456,-2.3017,-2.3573,-2.4125,-2.4673,-2.5216,-2.5755,-2.629,-2.6819,-2.7345,-2.7865,-2.8381,-2.8891,-2.9397,-2.9897,-3.0392,-3.0882,-3.1366,-3.1845,-3.2318,-3.2786,-3.3248,-3.3704,-3.4154,-3.4599,-3.5037,-3.5469,-3.5895,-3.6314,-3.6728,-3.7134,-3.7535,-3.7929,-3.8316,-3.8696,-3.907,-3.9437,-3.9797,-4.015,-4.0496,-4.0835,-4.1167,-4.1492,-4.181,-4.212,-4.2423,-4.2718,-4.3007,-4.3287,-4.356,-4.3826,-4.4084,-4.4334,-4.4576,-4.4811,-4.5038,-4.5257,-4.5468,-4.5672,-4.5867,-4.6055,-4.6234,-4.6405,-4.6569,-4.6724,-4.6871,-4.701,-4.7141,-4.7263,-4.7378,-4.7484,-4.7582,-4.7672,-4.7753,-4.7826,-4.7891,-4.7948,-4.7996,-4.8036,-4.8068,-4.8091,-4.8106,-4.8113,-4.8111,-4.8101,-4.8082,-4.8056,-4.8021,-4.7977,-4.7926,-4.7866,-4.7797,-4.7721,-4.7636,-4.7543,-4.7442,-4.7332,-4.7215,-4.7089,-4.6955,-4.6813,-4.6663,-4.6505,-4.6339,-4.6164,-4.5982,-4.5792,-4.5594,-4.5388,-4.5174,-4.4953,-4.4723,-4.4486,-4.4241,-4.3989,-4.3729,-4.3462,-4.3187,-4.2904,-4.2614,-4.2317,-4.2013,-4.1701,-4.1382,-4.1056,-4.0723,-4.0382,-4.0035,-3.9681,-3.932,-3.8953,-3.8578,-3.8197,-3.781,-3.7415,-3.7015,-3.6608,-3.6195,-3.5775,-3.535,-3.4918,-3.448,-3.4036,-3.3587,-3.3131,-3.267,-3.2204,-3.1731,-3.1254,-3.0771,-3.0282,-2.9789,-2.929,-2.8786,-2.8277,-2.7764,-2.7245,-2.6722,-2.6195,-2.5662,-2.5126,-2.4585,-2.4039,-2.349,-2.2937,-2.2379,-2.1818,-2.1253,-2.0684,-2.0112,-1.9536,-1.8957,-1.8374,-1.7789,-1.72,-1.6608,-1.6014,-1.5416,-1.4816,-1.4214,-1.3608,-1.3001,-1.2391,-1.1779,-1.1165,-1.0549,-0.99312,-0.93116,-0.86903,-0.80675,-0.74432,-0.68176,-0.61908,-0.55628,-0.49338,-0.43039,-0.36732,-0.30417,-0.24097,-0.17772,-0.11443,-0.05111,0.012226,0.075569,0.13891,0.20223,0.26554,0.3288,0.39202,0.45518,0.51828,0.5813,0.64423,0.70706,0.76979,0.83239,0.89486,0.9572,1.0194,1.0814,1.1433,1.2049,1.2664,1.3277,1.3888,1.4496,1.5102,1.5706,1.6307,1.6906,1.7502,1.8095,1.8685,1.9272,1.9856,2.0437,2.1014,2.1589,2.2159,2.2726,2.329,2.385,2.4405,2.4957,2.5505,2.6049,2.6588,2.7124,2.7655,2.8181,2.8703,2.922,2.9733,3.024,3.0743,3.1241,3.1734,3.2221,3.2704,3.3181,3.3653,3.4119,3.458,3.5035,3.5485,3.5929,3.6367,3.6799,3.7226,3.7646,3.806,3.8468,3.887,3.9266,3.9655,4.0038,4.0415,4.0785,4.1148,4.1505,4.1855,4.2199,4.2536,4.2865,4.3188,4.3504,4.3814,4.4116,4.4411,4.4698,4.4979,4.5253,4.5519,4.5778,4.6029,4.6274,4.6511,4.674,4.6962,4.7176,4.7383,4.7583,4.7775,4.7959,4.8135,4.8304,4.8466,4.8619,4.8765,4.8903,4.9033,4.9156,4.927,4.9377,4.9476,4.9567,4.9651,4.9726,4.9794,4.9853,4.9905,4.9949,4.9985,5.0014,5.0034,5.0046,5.0051,5.0047,5.0036,5.0017,4.999,4.9955,4.9913,4.9862,4.9804,4.9738,4.9664,4.9582,4.9493,4.9396,4.9291,4.9178,4.9058,4.893,4.8795,4.8652,4.8501,4.8343,4.8177,4.8004,4.7823,4.7635,4.744,4.7237,4.7027,4.681,4.6585,4.6353,4.6115,4.5869,4.5616,4.5356,4.5089,4.4815,4.4534,4.4246,4.3952,4.3651,4.3343,4.3029,4.2708,4.2381,4.2047,4.1707,4.136,4.1007,4.0648,4.0283,3.9912,3.9535,3.9151,3.8762,3.8368,3.7967,3.7561,3.7149,3.6731,3.6308,3.588,3.5446,3.5007,3.4563,3.4114,3.3659,3.32,3.2736,3.2267,3.1793,3.1315,3.0832,3.0345,2.9853,2.9357,2.8856,2.8352,2.7843,2.7331,2.6814,2.6294,2.577,2.5242,2.4711,2.4176,2.3638,2.3096,2.2552,2.2004,2.1453,2.0899,2.0342,1.9783,1.9221,1.8656,1.8089,1.7519,1.6947,1.6373,1.5797,1.5219,1.4638,1.4056,1.3472,1.2887,1.23,1.1711,1.1121,1.053,0.99375,0.9344,0.87495,0.8154,0.75577,0.69608,0.63631,0.5765,0.51664,0.45675,0.39683,0.3369,0.27696,0.21703,0.1571,0.097205,0.037337,-0.02249,-0.082266,-0.14198,-0.20163,-0.2612,-0.32068,-0.38006,-0.43934,-0.4985,-0.55754,-0.61645,-0.67521,-0.73382,-0.79226,-0.85054,-0.90864,-0.96655,-1.0243,-1.0818,-1.1391,-1.1961,-1.253,-1.3096,-1.3659,-1.422,-1.4778,-1.5334,-1.5886,-1.6436,-1.6983,-1.7527,-1.8067,-1.8604,-1.9138,-1.9669,-2.0196,-2.0719,-2.1239,-2.1755,-2.2267,-2.2776,-2.328,-2.378,-2.4277,-2.4769,-2.5257,-2.574,-2.6219,-2.6694,-2.7164,-2.763,-2.809,-2.8547,-2.8998,-2.9444,-2.9886,-3.0322,-3.0754,-3.118,-3.1601,-3.2017,-3.2428,-3.2833,-3.3232,-3.3627,-3.4015,-3.4399,-3.4776,-3.5148,-3.5514,-3.5874,-3.6228,-3.6577,-3.6919,-3.7256,-3.7586,-3.791,-3.8229,-3.8541,-3.8846,-3.9146,-3.9439,-3.9726,-4.0006,-4.028,-4.0548,-4.0809,-4.1063,-4.1311,-4.1552,-4.1787,-4.2015,-4.2236,-4.2451,-4.2659,-4.286,-4.3054,-4.3242,-4.3422,-4.3596,-4.3763,-4.3923,-4.4076,-4.4222,-4.4361,-4.4493,-4.4618,-4.4736,-4.4847,-4.4951,-4.5048,-4.5138,-4.5221,-4.5297,-4.5366,-4.5428,-4.5482,-4.553,-4.557,-4.5604,-4.563,-4.5649,-4.5661,-4.5666,-4.5664,-4.5655,-4.5639,-4.5616,-4.5586,-4.5549,-4.5505,-4.5453,-4.5395,-4.533,-4.5258,-4.5179,-4.5093,-4.5,-4.49,-4.4794,-4.468,-4.456,-4.4433,-4.4299,-4.4158,-4.4011,-4.3857,-4.3696,-4.3529,-4.3355,-4.3175,-4.2987,-4.2794,-4.2594,-4.2388,-4.2175,-4.1956,-4.173,-4.1498,-4.126,-4.1016,-4.0766,-4.0509,-4.0247,-3.9978,-3.9703,-3.9423,-3.9137,-3.8844,-3.8546,-3.8242,-3.7933,-3.7618,-3.7297,-3.6971,-3.6639,-3.6302,-3.5959,-3.5612,-3.5258,-3.49,-3.4537,-3.4168,-3.3794,-3.3416,-3.3032,-3.2644,-3.2251,-3.1853,-3.145,-3.1043,-3.0632,-3.0216,-2.9795,-2.937,-2.8941,-2.8508,-2.807,-2.7629,-2.7183,-2.6734,-2.628,-2.5823,-2.5362,-2.4898,-2.443,-2.3958,-2.3483,-2.3005,-2.2523,-2.2039,-2.1551,-2.106,-2.0566,-2.0069,-1.9569,-1.9066,-1.8561,-1.8054,-1.7543,-1.7031,-1.6515,-1.5998,-1.5478,-1.4957,-1.4433,-1.3907,-1.338,-1.285,-1.2319,-1.1786,-1.1252,-1.0716,-1.0178,-0.96396,-0.90997,-0.85586,-0.80164,-0.74732,-0.69291,-0.63841,-0.58384,-0.5292,-0.47449,-0.41974,-0.36494,-0.3101,-0.25524,-0.20036,-0.14547,-0.090567,-0.035674,0.019206,0.074066,0.1289,0.18369,0.23844,0.29313,0.34777,0.40233,0.45682,0.51122,0.56553,0.61974,0.67384,0.72782,0.78168,0.83541,0.88899,0.94243,0.99571,1.0488,1.1018,1.1545,1.2071,1.2595,1.3117,1.3637,1.4154,1.4669,1.5182,1.5693,1.6201,1.6707,1.721,1.771,1.8207,1.8702,1.9194,1.9683,2.0168,2.0651,2.1131,2.1607,2.208,2.2549,2.3015,2.3478,2.3937,2.4392,2.4844,2.5291,2.5735,2.6175,2.6611,2.7043,2.7471,2.7895,2.8315,2.873,2.9141,2.9548,2.995,3.0347,3.074,3.1129,3.1513,3.1892,3.2266,3.2635,3.3,3.3359,3.3714,3.4063,3.4408,3.4747,3.5081,3.541,3.5734,3.6052,3.6365,3.6673,3.6975,3.7271,3.7562,3.7848,3.8128,3.8402,3.8671,3.8933,3.919,3.9442,3.9687,3.9926,4.016,4.0388,4.0609,4.0825,4.1035,4.1238,4.1436,4.1627,4.1812,4.1991,4.2164,4.2331,4.2491,4.2645,4.2793,4.2935,4.307,4.3199,4.3322,4.3438,4.3548,4.3651,4.3748,4.3839,4.3923,4.4,4.4071,4.4136,4.4194,4.4246,4.4291,4.433,4.4362,4.4388,4.4407,4.442,4.4426,4.4426,4.4419,4.4405,4.4385,4.4359,4.4326,4.4286,4.4241,4.4188,4.4129,4.4064,4.3992,4.3914,4.3829,4.3738,4.364,4.3536,4.3426,4.3309,4.3186,4.3056,4.2921,4.2779,4.263,4.2476,4.2315,4.2148,4.1975,4.1795,4.161,4.1418,4.122,4.1016,4.0807,4.0591,4.0369,4.0141,3.9907,3.9668,3.9423,3.9171,3.8914,3.8652,3.8383,3.8109,3.783,3.7544,3.7254,3.6957,3.6656,3.6348,3.6036,3.5718,3.5395,3.5066,3.4733,3.4394,3.405,3.3701,3.3347,3.2988,3.2625,3.2256,3.1883,3.1504,3.1121,3.0734,3.0342,2.9945,2.9544,2.9138,2.8729,2.8314,2.7896,2.7473,2.7046,2.6615,2.618,2.5742,2.5299,2.4852,2.4402,2.3948,2.349,2.3029,2.2564,2.2096,2.1624,2.1149,2.0671,2.0189,1.9705,1.9217,1.8727,1.8233,1.7737,1.7238,1.6736,1.6232,1.5725,1.5215,1.4703,1.4189,1.3672,1.3154,1.2633,1.211,1.1585,1.1058,1.0529,0.99989,0.94668,0.89331,0.83978,0.7861,0.73229,0.67834,0.62427,0.57009,0.51579,0.4614,0.40691,0.35233,0.29768,0.24296,0.18817,0.13333,0.078444,0.023517,-0.031441,-0.086424,-0.14142,-0.19643,-0.25144,-0.30644,-0.36142,-0.41638,-0.47131,-0.52621,-0.58105,-0.63585,-0.69058,-0.74524,-0.79982,-0.85432,-0.90873,-0.96303,-1.0172,-1.0713,-1.1253,-1.1791,-1.2328,-1.2863,-1.3397,-1.3929,-1.446,-1.4989,-1.5516,-1.6041,-1.6564,-1.7084,-1.7603,-1.812,-1.8634,-1.9146,-1.9655,-2.0162,-2.0667,-2.1168,-2.1667,-2.2163,-2.2656,-2.3147,-2.3634,-2.4118,-2.4599,-2.5077,-2.5551,-2.6022,-2.649,-2.6954,-2.7415,-2.7872,-2.8325,-2.8774,-2.922,-2.9661,-3.0099,-3.0533,-3.0962,-3.1388,-3.1809,-3.2226,-3.2638,-3.3046,-3.345,-3.3849,-3.4243,-3.4633,-3.5018,-3.5398,-3.5774,-3.6145,-3.651,-3.6871,-3.7227,-3.7577,-3.7923,-3.8263,-3.8598,-3.8927,-3.9251,-3.957,-3.9884,-4.0192,-4.0494,-4.0791,-4.1082,-4.1367,-4.1647,-4.1921,-4.2189,-4.2451,-4.2707,-4.2957,-4.3202,-4.344,-4.3672,-4.3898,-4.4118,-4.4332,-4.454,-4.4741,-4.4936,-4.5125,-4.5308,-4.5484,-4.5654,-4.5817,-4.5974,-4.6124,-4.6268,-4.6405,-4.6536,-4.666,-4.6778,-4.6889,-4.6993,-4.7091,-4.7182,-4.7266,-4.7344,-4.7415,-4.7479,-4.7536,-4.7587,-4.7631,-4.7668,-4.7698,-4.7721,-4.7738,-4.7748,-4.7751,-4.7747,-4.7736,-4.7718,-4.7694,-4.7662,-4.7624,-4.7579,-4.7527,-4.7469,-4.7403,-4.7331,-4.7251,-4.7165,-4.7072,-4.6973,-4.6866,-4.6753,-4.6633,-4.6506,-4.6372,-4.6232,-4.6085,-4.5931,-4.577,-4.5603,-4.5429,-4.5249,-4.5062,-4.4868,-4.4668,-4.4461,-4.4248,-4.4028,-4.3802,-4.3569,-4.333,-4.3085,-4.2833,-4.2575,-4.231,-4.2039,-4.1763,-4.1479,-4.119,-4.0895,-4.0593,-4.0286,-3.9973,-3.9653,-3.9328,-3.8997,-3.866,-3.8317,-3.7968,-3.7614,-3.7254,-3.6889,-3.6518,-3.6142,-3.576,-3.5373,-3.498,-3.4582,-3.4179,-3.3771,-3.3357,-3.2939,-3.2515,-3.2087,-3.1654,-3.1216,-3.0773,-3.0325,-2.9873,-2.9416,-2.8955,-2.8489,-2.8019,-2.7544,-2.7066,-2.6583,-2.6095,-2.5604,-2.5109,-2.461,-2.4107,-2.3601,-2.309,-2.2576,-2.2059,-2.1538,-2.1013,-2.0486,-1.9954,-1.942,-1.8883,-1.8343,-1.7799,-1.7253,-1.6704,-1.6152,-1.5598,-1.5041,-1.4482,-1.392,-1.3356,-1.2789,-1.2221,-1.165,-1.1078,-1.0503,-0.99268,-0.93488,-0.87691,-0.81878,-0.76051,-0.70209,-0.64355,-0.58488,-0.52609,-0.4672,-0.40822,-0.34914,-0.28999,-0.23076,-0.17148,-0.11214,-0.052754,0.006665,0.066111,0.12558,0.18505,0.24452,0.30399,0.36343,0.42285,0.48224,0.54158,0.60087,0.66009,0.71925,0.77832,0.83731,0.8962,0.95498,1.0136,1.0722,1.1306,1.1889,1.247,1.3049,1.3627,1.4203,1.4778,1.535,1.592,1.6488,1.7054,1.7618,1.8179,1.8738,1.9294,1.9848,2.0398,2.0946,2.1491,2.2034,2.2573,2.3109,2.3641,2.4171,2.4697,2.5219,2.5738,2.6253,2.6765,2.7273,2.7776,2.8276,2.8772,2.9264,2.9751,3.0235,3.0714,3.1188,3.1658,3.2123,3.2584,3.304,3.3491,3.3938,3.4379,3.4815,3.5247,3.5673,3.6094,3.6509,3.692,3.7325,3.7724,3.8118,3.8506,3.8888,3.9265,3.9636,4.0001,4.036,4.0713,4.106,4.1401,4.1736,4.2065,4.2387,4.2703,4.3013,4.3316,4.3613,4.3903,4.4186,4.4463,4.4734,4.4997,4.5254,4.5504,4.5747,4.5983,4.6213,4.6435,4.665,4.6858,4.706,4.7253,4.744,4.762,4.7792,4.7957,4.8115,4.8266,4.8409,4.8544,4.8673,4.8794,4.8907,4.9013,4.9112,4.9202,4.9286,4.9362,4.943,4.949,4.9543,4.9589,4.9627,4.9657,4.9679,4.9694,4.9701,4.9701,4.9692,4.9676,4.9653,4.9621,4.9582,4.9536,4.9481,4.9419,4.9349,4.9272,4.9187,4.9094,4.8993,4.8885,4.877,4.8646,4.8515,4.8377,4.823,4.8077,4.7915,4.7747,4.757,4.7387,4.7196,4.6997,4.6791,4.6577,4.6357,4.6129,4.5893,4.5651,4.5401,4.5144,4.488,4.4609,4.433,4.4045,4.3752,4.3453,4.3147,4.2834,4.2514,4.2187,4.1854,4.1514,4.1167,4.0814,4.0454,4.0087,3.9715,3.9335,3.895,3.8558,3.816,3.7756,3.7346,3.693,3.6508,3.608,3.5646,3.5206,3.4761,3.431,3.3854,3.3392,3.2924,3.2451,3.1973,3.149,3.1002,3.0508,3.001,2.9506,2.8998,2.8485,2.7967,2.7445,2.6918,2.6387,2.5851,2.5311,2.4767,2.4219,2.3667,2.3111,2.2551,2.1987,2.142,2.0849,2.0274,1.9696,1.9115,1.853,1.7943,1.7352,1.6758,1.6162,1.5563,1.4961,1.4356,1.3749,1.314,1.2528,1.1914,1.1298,1.068,1.006,0.94388,0.88154,0.81904,0.75639,0.69359,0.63067,0.56763,0.50448,0.44122,0.37788,0.31445,0.25095,0.1874,0.12379,0.060144,-0.0035318,-0.067227,-0.13093,-0.19464,-0.25833,-0.322,-0.38564,-0.44923,-0.51278,-0.57626,-0.63967,-0.703,-0.76623,-0.82936,-0.89237,-0.95527,-1.018,-1.0806,-1.1431,-1.2054,-1.2675,-1.3294,-1.3912,-1.4527,-1.514,-1.5751,-1.636,-1.6966,-1.7569,-1.817,-1.8769,-1.9364,-1.9956,-2.0546,-2.1132,-2.1715,-2.2294,-2.2871,-2.3443,-2.4012,-2.4578,-2.5139,-2.5697,-2.6251,-2.68,-2.7346,-2.7887,-2.8424,-2.8956,-2.9484,-3.0007,-3.0526,-3.1039,-3.1548,-3.2052,-3.2551,-3.3045,-3.3533,-3.4016,-3.4494,-3.4967,-3.5433,-3.5895,-3.635,-3.68,-3.7244,-3.7682,-3.8114,-3.854,-3.896,-3.9374,-3.9781,-4.0182,-4.0577,-4.0965,-4.1346,-4.1721,-4.209,-4.2451,-4.2806,-4.3154,-4.3495,-4.3829,-4.4156,-4.4476,-4.4789,-4.5094,-4.5392,-4.5683,-4.5967,-4.6243,-4.6512,-4.6774,-4.7027,-4.7274,-4.7512,-4.7743,-4.7966,-4.8182,-4.8389,-4.8589,-4.8781,-4.8965,-4.9141,-4.931,-4.947,-4.9622,-4.9766,-4.9902,-5.003,-5.015,-5.0262,-5.0365,-5.0461,-5.0548,-5.0627,-5.0698,-5.076,-5.0815,-5.0861,-5.0898,-5.0928,-5.0949,-5.0962,-5.0966,-5.0963,-5.095,-5.093,-5.0901,-5.0864,-5.0819,-5.0766,-5.0704,-5.0634,-5.0555,-5.0469,-5.0374,-5.0271,-5.0159,-5.004,-4.9912,-4.9776,-4.9632,-4.948,-4.932,-4.9151,-4.8975,-4.8791,-4.8598,-4.8398,-4.819,-4.7974,-4.775,-4.7518,-4.7279,-4.7031,-4.6776,-4.6514,-4.6243,-4.5965,-4.568,-4.5387,-4.5087,-4.4779,-4.4464,-4.4142,-4.3812,-4.3476,-4.3132,-4.2781,-4.2423,-4.2058,-4.1686,-4.1308,-4.0922,-4.053,-4.0131,-3.9726,-3.9314,-3.8896,-3.8471,-3.804,-3.7603,-3.716,-3.6711,-3.6255,-3.5794,-3.5327,-3.4854,-3.4375,-3.3891,-3.3401,-3.2906,-3.2405,-3.19,-3.1388,-3.0872,-3.0351,-2.9825,-2.9294,-2.8758,-2.8218,-2.7672,-2.7123,-2.6569,-2.6011,-2.5448,-2.4882,-2.4311,-2.3736,-2.3158,-2.2576,-2.199,-2.1401,-2.0808,-2.0212,-1.9613,-1.901,-1.8405,-1.7796,-1.7185,-1.6571,-1.5955,-1.5336,-1.4714,-1.409,-1.3464,-1.2836,-1.2206,-1.1574,-1.094,-1.0305,-0.96678,-0.90293,-0.83896,-0.77485,-0.71064,-0.64632,-0.58192,-0.51743,-0.45288,-0.38826,-0.3236,-0.25891,-0.19419,-0.12945,-0.064716,1.2883e-05,0.064722,0.1294,0.19404,0.25862,0.32315,0.38759,0.45195,0.51622,0.58038,0.64442,0.70833,0.7721,0.83572,0.89917,0.96246,1.0256,1.0885,1.1512,1.2137,1.2759,1.3379,1.3997,1.4612,1.5225,1.5834,1.6441,1.7045,1.7646,1.8243,1.8837,1.9428,2.0015,2.0599,2.1179,2.1755,2.2327,2.2895,2.3459,2.4019,2.4574,2.5126,2.5672,2.6214,2.6752,2.7284,2.7812,2.8335,2.8853,2.9365,2.9873,3.0375,3.0872,3.1363,3.1849,3.2329,3.2803,3.3271,3.3734,3.4191,3.4641,3.5086,3.5524,3.5956,3.6382,3.6801,3.7214,3.762,3.802,3.8412,3.8798,3.9178,3.955,3.9915,4.0274,4.0625,4.0969,4.1306,4.1636,4.1958,4.2273,4.258,4.288,4.3173,4.3458,4.3735,4.4004,4.4266,4.452,4.4767,4.5005,4.5235,4.5458,4.5673,4.5879,4.6078,4.6268,4.645,4.6624,4.679,4.6948,4.7098,4.7239,4.7372,4.7497,4.7613,4.7721,4.7821,4.7912,4.7995,4.807,4.8136,4.8193,4.8243,4.8283,4.8316,4.834,4.8355,4.8362,4.836,4.835,4.8332,4.8305,4.827,4.8226,4.8174
0.95964,0.8973,0.83452,0.77133,0.70772,0.64372,0.57933,0.51459,0.44949,0.38405,0.31829,0.25223,0.18587,0.11923,0.052331,-0.014816,-0.082196,-0.14979,-0.21759,-0.28558,-0.35373,-0.42204,-0.4905,-0.55907,-0.62775,-0.69653,-0.76538,-0.8343,-0.90326,-0.97224,-1.0412,-1.1102,-1.1792,-1.2482,-1.3171,-1.3859,-1.4546,-1.5233,-1.5918,-1.6602,-1.7284,-1.7965,-1.8644,-1.9321,-1.9996,-2.0669,-2.1339,-2.2007,-2.2671,-2.3333,-2.3992,-2.4648,-2.53,-2.5949,-2.6594,-2.7235,-2.7872,-2.8505,-2.9134,-2.9758,-3.0378,-3.0992,-3.1602,-3.2207,-3.2807,-3.3401,-3.399,-3.4573,-3.515,-3.5722,-3.6287,-3.6846,-3.7399,-3.7945,-3.8485,-3.9018,-3.9544,-4.0062,-4.0574,-4.1079,-4.1576,-4.2066,-4.2548,-4.3022,-4.3488,-4.3946,-4.4397,-4.4839,-4.5272,-4.5697,-4.6114,-4.6522,-4.6921,-4.7311,-4.7692,-4.8065,-4.8428,-4.8781,-4.9126,-4.9461,-4.9786,-5.0102,-5.0408,-5.0704,-5.099,-5.1267,-5.1533,-5.1789,-5.2035,-5.2271,-5.2496,-5.2712,-5.2916,-5.311,-5.3294,-5.3467,-5.363,-5.3781,-5.3922,-5.4052,-5.4172,-5.428,-5.4378,-5.4464,-5.454,-5.4604,-5.4658,-5.4701,-5.4732,-5.4752,-5.4762,-5.476,-5.4747,-5.4722,-5.4687,-5.4641,-5.4583,-5.4514,-5.4434,-5.4343,-5.4241,-5.4128,-5.4003,-5.3868,-5.3721,-5.3564,-5.3395,-5.3215,-5.3025,-5.2823,-5.2611,-5.2388,-5.2154,-5.1909,-5.1654,-5.1387,-5.1111,-5.0823,-5.0525,-5.0217,-4.9898,-4.957,-4.923,-4.8881,-4.8521,-4.8152,-4.7772,-4.7383,-4.6983,-4.6574,-4.6156,-4.5728,-4.529,-4.4843,-4.4387,-4.3921,-4.3447,-4.2963,-4.2471,-4.197,-4.146,-4.0942,-4.0415,-3.988,-3.9337,-3.8785,-3.8226,-3.7659,-3.7084,-3.6501,-3.5911,-3.5314,-3.4709,-3.4097,-3.3479,-3.2853,-3.2221,-3.1582,-3.0937,-3.0286,-2.9629,-2.8965,-2.8296,-2.7621,-2.6941,-2.6255,-2.5564,-2.4868,-2.4167,-2.3461,-2.2751,-2.2036,-2.1317,-2.0594,-1.9867,-1.9136,-1.8402,-1.7664,-1.6923,-1.6178,-1.5431,-1.4681,-1.3928,-1.3173,-1.2415,-1.1655,-1.0894,-1.013,-0.93653,-0.85988,-0.78311,-0.70622,-0.62925,-0.5522,-0.47509,-0.39794,-0.32077,-0.2436,-0.16643,-0.0893,-0.012213,0.064809,0.14175,0.21859,0.29532,0.37191,0.44835,0.52462,0.60071,0.67659,0.75226,0.82768,0.90286,0.97776,1.0524,1.1267,1.2007,1.2743,1.3476,1.4205,1.4931,1.5652,1.6369,1.7082,1.779,1.8494,1.9193,1.9886,2.0575,2.1258,2.1936,2.2608,2.3274,2.3935,2.4589,2.5237,2.5879,2.6514,2.7143,2.7765,2.838,2.8988,2.9588,3.0182,3.0767,3.1346,3.1916,3.2479,3.3033,3.358,3.4118,3.4648,3.517,3.5683,3.6187,3.6682,3.7169,3.7646,3.8115,3.8574,3.9024,3.9464,3.9895,4.0316,4.0727,4.1129,4.1521,4.1902,4.2274,4.2636,4.2987,4.3328,4.3659,4.3979,4.4289,4.4588,4.4877,4.5154,4.5421,4.5678,4.5923,4.6158,4.6381,4.6594,4.6795,4.6986,4.7165,4.7333,4.749,4.7636,4.777,4.7893,4.8005,4.8106,4.8195,4.8273,4.834,4.8395,4.8439,4.8472,4.8493,4.8503,4.8501,4.8488,4.8464,4.8429,4.8382,4.8324,4.8254,4.8174,4.8082,4.7979,4.7865,4.774,4.7604,4.7456,4.7298,4.7129,4.6949,4.6758,4.6556,4.6344,4.6121,4.5887,4.5643,4.5388,4.5123,4.4848,4.4562,4.4267,4.3961,4.3645,4.3319,4.2983,4.2638,4.2283,4.1918,4.1544,4.116,4.0768,4.0366,3.9955,3.9535,3.9106,3.8668,3.8222,3.7767,3.7304,3.6833,3.6353,3.5866,3.537,3.4867,3.4356,3.3837,3.3312,3.2779,3.2238,3.1691,3.1137,3.0576,3.0009,2.9436,2.8856,2.827,2.7678,2.708,2.6476,2.5867,2.5253,2.4633,2.4009,2.3379,2.2745,2.2106,2.1463,2.0815,2.0164,1.9508,1.8849,1.8186,1.752,1.685,1.6178,1.5502,1.4824,1.4143,1.346,1.2775,1.2087,1.1398,1.0707,1.0014,0.93198,0.86246,0.79284,0.72313,0.65335,0.58353,0.51367,0.4438,0.37393,0.30408,0.23427,0.16451,0.094829,0.025236,-0.044248,-0.11361,-0.18283,-0.25188,-0.32076,-0.38945,-0.45792,-0.52617,-0.59417,-0.66191,-0.72937,-0.79653,-0.86338,-0.9299,-0.99607,-1.0619,-1.1273,-1.1923,-1.257,-1.3212,-1.3849,-1.4482,-1.511,-1.5733,-1.6352,-1.6965,-1.7572,-1.8174,-1.877,-1.9361,-1.9946,-2.0524,-2.1096,-2.1662,-2.2221,-2.2774,-2.3319,-2.3858,-2.439,-2.4914,-2.5431,-2.594,-2.6442,-2.6937,-2.7423,-2.7901,-2.8371,-2.8833,-2.9287,-2.9732,-3.0169,-3.0597,-3.1016,-3.1426,-3.1827,-3.222,-3.2603,-3.2976,-3.3341,-3.3696,-3.4041,-3.4377,-3.4703,-3.5019,-3.5325,-3.5621,-3.5908,-3.6184,-3.645,-3.6705,-3.6951,-3.7186,-3.7411,-3.7625,-3.7828,-3.8021,-3.8204,-3.8375,-3.8536,-3.8687,-3.8826,-3.8954,-3.9072,-3.9179,-3.9275,-3.9359,-3.9433,-3.9496,-3.9548,-3.9589,-3.9619,-3.9638,-3.9645,-3.9642,-3.9627,-3.9602,-3.9566,-3.9518,-3.9459,-3.939,-3.9309,-3.9218,-3.9115,-3.9002,-3.8878,-3.8742,-3.8596,-3.8439,-3.8272,-3.8094,-3.7905,-3.7705,-3.7495,-3.7274,-3.7043,-3.6801,-3.6549,-3.6287,-3.6014,-3.5732,-3.5439,-3.5136,-3.4823,-3.45,-3.4168,-3.3826,-3.3474,-3.3113,-3.2742,-3.2362,-3.1973,-3.1574,-3.1166,-3.075,-3.0324,-2.989,-2.9447,-2.8996,-2.8536,-2.8068,-2.7591,-2.7107,-2.6615,-2.6114,-2.5606,-2.5091,-2.4568,-2.4038,-2.35,-2.2956,-2.2404,-2.1846,-2.1281,-2.0709,-2.0131,-1.9547,-1.8957,-1.8361,-1.7759,-1.7152,-1.6539,-1.5921,-1.5297,-1.4669,-1.4035,-1.3397,-1.2754,-1.2107,-1.1456,-1.0801,-1.0142,-0.94788,-0.88123,-0.81424,-0.74693,-0.67931,-0.6114,-0.54322,-0.47479,-0.40611,-0.33722,-0.26812,-0.19883,-0.12937,-0.059765,0.0099769,0.079836,0.14979,0.21983,0.28994,0.36009,0.43027,0.50046,0.57064,0.6408,0.71092,0.78098,0.85096,0.92085,0.99062,1.0603,1.1298,1.1991,1.2682,1.3372,1.4059,1.4744,1.5427,1.6106,1.6783,1.7457,1.8128,1.8795,1.9459,2.0119,2.0775,2.1427,2.2075,2.2718,2.3357,2.3992,2.4621,2.5245,2.5864,2.6478,2.7087,2.7689,2.8286,2.8877,2.9462,3.004,3.0612,3.1178,3.1736,3.2288,3.2833,3.3371,3.3901,3.4425,3.494,3.5448,3.5948,3.644,3.6924,3.74,3.7868,3.8327,3.8777,3.9219,3.9652,4.0076,4.0491,4.0897,4.1294,4.1681,4.2059,4.2428,4.2786,4.3135,4.3474,4.3804,4.4123,4.4432,4.4731,4.5019,4.5298,4.5566,4.5823,4.607,4.6306,4.6531,4.6746,4.695,4.7143,4.7325,4.7495,4.7655,4.7804,4.7942,4.8068,4.8183,4.8287,4.838,4.8461,4.8531,4.859,4.8637,4.8673,4.8697,4.871,4.8711,4.8701,4.8679,4.8646,4.8601,4.8545,4.8477,4.8398,4.8307,4.8205,4.8091,4.7966,4.783,4.7682,4.7523,4.7352,4.717,4.6977,4.6772,4.6557,4.633,4.6092,4.5843,4.5583,4.5313,4.5031,4.4738,4.4435,4.4121,4.3796,4.3461,4.3115,4.2759,4.2392,4.2015,4.1628,4.1231,4.0824,4.0406,3.998,3.9543,3.9097,3.8641,3.8175,3.7701,3.7217,3.6724,3.6222,3.5711,3.5191,3.4663,3.4126,3.358,3.3027,3.2465,3.1895,3.1317,3.0731,3.0138,2.9537,2.8929,2.8314,2.7691,2.7062,2.6426,2.5783,2.5133,2.4477,2.3815,2.3147,2.2473,2.1793,2.1108,2.0417,1.9721,1.902,1.8313,1.7602,1.6887,1.6167,1.5442,1.4714,1.3981,1.3245,1.2505,1.1762,1.1015,1.0265,0.95126,0.87572,0.79992,0.72388,0.64762,0.57116,0.49451,0.41769,0.34073,0.26363,0.18641,0.1091,0.031711,-0.045738,-0.12323,-0.20074,-0.27826,-0.35577,-0.43324,-0.51067,-0.58803,-0.66531,-0.74248,-0.81952,-0.89643,-0.97318,-1.0498,-1.1261,-1.2023,-1.2782,-1.3539,-1.4294,-1.5045,-1.5793,-1.6539,-1.728,-1.8019,-1.8753,-1.9484,-2.0211,-2.0933,-2.1651,-2.2365,-2.3073,-2.3777,-2.4476,-2.5169,-2.5858,-2.654,-2.7217,-2.7888,-2.8553,-2.9211,-2.9864,-3.0509,-3.1149,-3.1781,-3.2406,-3.3024,-3.3635,-3.4239,-3.4835,-3.5423,-3.6004,-3.6576,-3.7141,-3.7697,-3.8245,-3.8784,-3.9315,-3.9837,-4.035,-4.0854,-4.1349,-4.1834,-4.2311,-4.2778,-4.3235,-4.3682,-4.412,-4.4548,-4.4966,-4.5374,-4.5771,-4.6159,-4.6536,-4.6902,-4.7258,-4.7603,-4.7938,-4.8262,-4.8574,-4.8876,-4.9167,-4.9447,-4.9715,-4.9973,-5.0219,-5.0454,-5.0677,-5.0889,-5.1089,-5.1278,-5.1455,-5.162,-5.1774,-5.1916,-5.2046,-5.2165,-5.2272,-5.2366,-5.2449,-5.252,-5.2579,-5.2627,-5.2662,-5.2685,-5.2697,-5.2696,-5.2683,-5.2659,-5.2623,-5.2574,-5.2514,-5.2442,-5.2357,-5.2261,-5.2153,-5.2034,-5.1902,-5.1759,-5.1604,-5.1437,-5.1259,-5.1068,-5.0867,-5.0654,-5.0429,-5.0193,-4.9945,-4.9686,-4.9416,-4.9135,-4.8843,-4.8539,-4.8225,-4.7899,-4.7563,-4.7216,-4.6858,-4.649,-4.6111,-4.5722,-4.5322,-4.4912,-4.4492,-4.4062,-4.3622,-4.3173,-4.2713,-4.2244,-4.1765,-4.1277,-4.078,-4.0273,-3.9758,-3.9233,-3.87,-3.8158,-3.7607,-3.7048,-3.6481,-3.5905,-3.5322,-3.4731,-3.4132,-3.3525,-3.2911,-3.2289,-3.166,-3.1025,-3.0382,-2.9733,-2.9077,-2.8415,-2.7746,-2.7072,-2.6391,-2.5705,-2.5013,-2.4315,-2.3613,-2.2905,-2.2192,-2.1474,-2.0752,-2.0025,-1.9294,-1.8559,-1.782,-1.7078,-1.6331,-1.5581,-1.4828,-1.4072,-1.3313,-1.2552,-1.1788,-1.1021,-1.0252,-0.94817,-0.87093,-0.79352,-0.71597,-0.6383,-0.56051,-0.48264,-0.4047,-0.32671,-0.24868,-0.17064,-0.0926,-0.014582,0.063395,0.14131,0.21916,0.2969,0.37454,0.45204,0.52939,0.60658,0.68358,0.76037,0.83695,0.91328,0.98935,1.0652,1.1407,1.2158,1.2907,1.3652,1.4394,1.5132,1.5865,1.6595,1.732,1.8041,1.8757,1.9468,2.0174,2.0875,2.1571,2.2261,2.2946,2.3624,2.4297,2.4964,2.5624,2.6278,2.6925,2.7565,2.8199,2.8825,2.9445,3.0057,3.0661,3.1258,3.1847,3.2428,3.3001,3.3566,3.4123,3.4671,3.5211,3.5742,3.6264,3.6777,3.7281,3.7776,3.8262,3.8738,3.9205,3.9662,4.0109,4.0547,4.0974,4.1392,4.1799,4.2197,4.2583,4.296,4.3326,4.3681,4.4026,4.436,4.4684,4.4996,4.5297,4.5588,4.5867,4.6135,4.6392,4.6638,4.6872,4.7095,4.7306,4.7506,4.7694,4.7871,4.8036,4.819,4.8332,4.8462,4.858,4.8687,4.8782,4.8865,4.8936,4.8995,4.9043,4.9078,4.9102,4.9114,4.9114,4.9102,4.9078,4.9043,4.8995,4.8936,4.8864,4.8781,4.8687,4.858,4.8462,4.8332,4.819,4.8037,4.7872,4.7695,4.7507,4.7308,4.7097,4.6875,4.6641,4.6396,4.614,4.5873,4.5595,4.5306,4.5005,4.4694,4.4372,4.404,4.3697,4.3343,4.2979,4.2604,4.2219,4.1824,4.1419,4.1004,4.0579,4.0144,3.9699,3.9245,3.8781,3.8308,3.7826,3.7334,3.6834,3.6324,3.5806,3.5279,3.4744,3.42,3.3648,3.3087,3.2519,3.1943,3.1359,3.0767,3.0168,2.9562,2.8948,2.8327,2.77,2.7065,2.6424,2.5777,2.5123,2.4463,2.3797,2.3126,2.2448,2.1765,2.1077,2.0383,1.9685,1.8981,1.8273,1.756,1.6843,1.6122,1.5397,1.4667,1.3934,1.3198,1.2458,1.1715,1.0969,1.022,0.94684,0.87143,0.79579,0.71993,0.64388,0.56765,0.49126,0.41472,0.33806,0.26128,0.18442,0.10748,0.030493,-0.046536,-0.12358,-0.20063,-0.27767,-0.35467,-0.43162,-0.5085,-0.58529,-0.66198,-0.73854,-0.81497,-0.89124,-0.96734,-1.0432,-1.1189,-1.1944,-1.2696,-1.3446,-1.4193,-1.4936,-1.5677,-1.6415,-1.7149,-1.7879,-1.8606,-1.9328,-2.0047,-2.0761,-2.1471,-2.2176,-2.2876,-2.3572,-2.4262,-2.4947,-2.5627,-2.6301,-2.6969,-2.7632,-2.8289,-2.8939,-2.9583,-3.0221,-3.0852,-3.1477,-3.2095,-3.2705,-3.3309,-3.3905,-3.4494,-3.5075,-3.5649,-3.6215,-3.6773,-3.7323,-3.7865,-3.8398,-3.8923,-3.944,-3.9948,-4.0448,-4.0938,-4.142,-4.1892,-4.2356,-4.281,-4.3255,-4.369,-4.4116,-4.4533,-4.4939,-4.5336,-4.5723,-4.61,-4.6467,-4.6824,-4.7171,-4.7507,-4.7834,-4.8149,-4.8455,-4.875,-4.9034,-4.9308,-4.9571,-4.9823,-5.0065,-5.0295,-5.0515,-5.0724,-5.0922,-5.1109,-5.1286,-5.1451,-5.1605,-5.1748,-5.1879,-5.2,-5.211,-5.2208,-5.2295,-5.2371,-5.2436,-5.249,-5.2533,-5.2564,-5.2584,-5.2593,-5.2591,-5.2578,-5.2553,-5.2518,-5.2471,-5.2413,-5.2345,-5.2265,-5.2174,-5.2072,-5.196,-5.1836,-5.1702,-5.1557,-5.1401,-5.1234,-5.1057,-5.0869,-5.0671,-5.0462,-5.0243,-5.0013,-4.9774,-4.9523,-4.9263,-4.8993,-4.8713,-4.8422,-4.8122,-4.7812,-4.7493,-4.7164,-4.6825,-4.6477,-4.612,-4.5753,-4.5377,-4.4992,-4.4599,-4.4196,-4.3785,-4.3365,-4.2937,-4.25,-4.2055,-4.1602,-4.114,-4.0671,-4.0194,-3.9709,-3.9217,-3.8717,-3.821,-3.7696,-3.7175,-3.6647,-3.6112,-3.557,-3.5022,-3.4467,-3.3906,-3.3339,-3.2767,-3.2188,-3.1603,-3.1013,-3.0418,-2.9817,-2.9212,-2.8601,-2.7986,-2.7365,-2.6741,-2.6112,-2.5479,-2.4841,-2.42,-2.3556,-2.2907,-2.2255,-2.16,-2.0942,-2.0281,-1.9617,-1.8951,-1.8282,-1.761,-1.6937,-1.6262,-1.5584,-1.4906,-1.4225,-1.3544,-1.2861,-1.2177,-1.1492,-1.0807,-1.0121,-0.94345,-0.8748,-0.80614,-0.7375,-0.66888,-0.60031,-0.5318,-0.46337,-0.39503,-0.32679,-0.25868,-0.19071,-0.12289,-0.055244,0.012216,0.079474,0.14651,0.21332,0.27988,0.34618,0.4122,0.47793,0.54334,0.60844,0.6732,0.7376,0.80164,0.8653,0.92856,0.99142,1.0538,1.1158,1.1774,1.2385,1.2991,1.3592,1.4188,1.4779,1.5364,1.5944,1.6519,1.7088,1.7651,1.8208,1.8759,1.9304,1.9843,2.0375,2.0901,2.142,2.1932,2.2438,2.2937,2.3428,2.3913,2.439,2.486,2.5322,2.5777,2.6225,2.6664,2.7096,2.752,2.7936,2.8344,2.8744,2.9136,2.9519,2.9894,3.0261,3.0619,3.0969,3.131,3.1642,3.1966,3.2281,3.2587,3.2884,3.3173,3.3452,3.3722,3.3983,3.4236,3.4479,3.4713,3.4937,3.5153,3.5359,3.5556,3.5743,3.5922,3.609,3.625,3.64,3.6541,3.6673,3.6795,3.6907,3.7011,3.7104,3.7189,3.7264,3.733,3.7386,3.7433,3.7471,3.7499,3.7519,3.7528,3.7529,3.7521,3.7503,3.7476,3.744,3.7395,3.7341,3.7278,3.7206,3.7125,3.7035,3.6936,3.6829,3.6713,3.6588,3.6455,3.6313,3.6163,3.6005,3.5838,3.5663,3.548,3.5288,3.5089,3.4882,3.4666,3.4444,3.4213,3.3975,3.3729,3.3476,3.3216,3.2948,3.2673,3.2391,3.2102,3.1807,3.1505,3.1196,3.088,3.0558,3.023,2.9895,2.9555,2.9208,2.8856,2.8498,2.8134,2.7765,2.739,2.701,2.6625,2.6235,2.584,2.544,2.5036,2.4627,2.4213,2.3796,2.3374,2.2948,2.2519,2.2086,2.1649,2.1208,2.0765,2.0318,1.9868,1.9415,1.8959,1.8501,1.8041,1.7578,1.7112,1.6645,1.6176,1.5705,1.5232,1.4758,1.4282,1.3805,1.3328,1.2849,1.2369,1.1889,1.1408,1.0927,1.0446,0.99645,0.94832,0.90021,0.85214,0.80411,0.75615,0.70827,0.66048,0.61279,0.56523,0.5178,0.47052,0.42339,0.37645,0.32969,0.28314,0.2368,0.19069,0.14483,0.099217,0.053878,0.0088218,-0.035938,-0.08039,-0.12452,-0.16831,-0.21176,-0.25485,-0.29757,-0.3399,-0.38183,-0.42336,-0.46446,-0.50514,-0.54536,-0.58514,-0.62444,-0.66327,-0.70161,-0.73945,-0.77677,-0.81358,-0.84985,-0.88558,-0.92075,-0.95536,-0.9894,-1.0229,-1.0557,-1.088,-1.1196,-1.1507,-1.1811,-1.2108,-1.24,-1.2684,-1.2962,-1.3234,-1.3498,-1.3756,-1.4007,-1.4251,-1.4487,-1.4717,-1.4939,-1.5155,-1.5363,-1.5563,-1.5756,-1.5942,-1.612,-1.629,-1.6453,-1.6608,-1.6755,-1.6895,-1.7027,-1.7151,-1.7267,-1.7375,-1.7476,-1.7568,-1.7652,-1.7729,-1.7797,-1.7857,-1.7909,-1.7953,-1.7989,-1.8017,-1.8037,-1.8049,-1.8052,-1.8048,-1.8035,-1.8014,-1.7985,-1.7948,-1.7903,-1.785,-1.7789,-1.772,-1.7642,-1.7557,-1.7464,-1.7363,-1.7254,-1.7137,-1.7012,-1.688,-1.6739,-1.6591,-1.6435,-1.6272,-1.6101,-1.5923,-1.5737,-1.5543,-1.5343,-1.5135,-1.4919,-1.4697,-1.4467,-1.423,-1.3987,-1.3736,-1.3479,-1.3214,-1.2943,-1.2666,-1.2382,-1.2091,-1.1794,-1.1491,-1.1182,-1.0866,-1.0545,-1.0217,-0.98841,-0.95451,-0.92005,-0.88503,-0.84947,-0.81339,-0.77677,-0.73965,-0.70203,-0.66392,-0.62532,-0.58627,-0.54675,-0.5068,-0.46641,-0.42559,-0.38437,-0.34276,-0.30076,-0.25839,-0.21565,-0.17257,-0.12916,-0.085423,-0.041378,0.0029634,0.047588,0.092482,0.13763,0.18303,0.22865,0.27449,0.32053,0.36677,0.41317,0.45974,0.50646,0.55331,0.60029,0.64736,0.69454,0.74178,0.7891,0.83646,0.88386,0.93128,0.97871,1.0261,1.0735,1.1209,1.1682,1.2155,1.2626,1.3097,1.3567,1.4035,1.4503,1.4968,1.5432,1.5895,1.6355,1.6813,1.7269,1.7723,1.8174,1.8623,1.9069,1.9512,1.9952,2.0389,2.0822,2.1252,2.1678,2.2101,2.252,2.2935,2.3346,2.3752,2.4154,2.4552,2.4945,2.5333,2.5717,2.6095,2.6468,2.6836,2.7199,2.7556,2.7908,2.8254,2.8593,2.8927,2.9255,2.9577,2.9893,3.0202,3.0504,3.08,3.1089,3.1372,3.1647,3.1916,3.2177,3.2431,3.2678,3.2917,3.3149,3.3374,3.359,3.3799,3.4,3.4194,3.4379,3.4556,3.4725,3.4886,3.5039,3.5183,3.5319,3.5446,3.5565,3.5675,3.5776,3.5869,3.5953,3.6028,3.6095,3.6152,3.62,3.624,3.627,3.6292,3.6304,3.6307,3.6301,3.6286,3.6261,3.6227,3.6184,3.6132,3.607,3.5999,3.5919,3.5829,3.573,3.5622,3.5504,3.5377,3.524,3.5094,3.4939,3.4775,3.4601,3.4418,3.4225,3.4023,3.3813,3.3592,3.3363,3.3124,3.2877,3.262,3.2354,3.2079,3.1795,3.1502,3.1201,3.089,3.0571,3.0243,2.9906,2.9561,2.9207,2.8844,2.8473,2.8094,2.7706,2.731,2.6906,2.6494,2.6074,2.5646,2.521,2.4766,2.4315,2.3856,2.339,2.2916,2.2435,2.1946,2.1451,2.0948,2.0439,1.9923,1.94,1.887,1.8334,1.7792,1.7243,1.6689,1.6128,1.5561,1.4989,1.441,1.3827,1.3238,1.2643,1.2044,1.1439,1.083,1.0215,0.95964,0.8973,0.83452,0.77133,0.70772,0.64372,0.57933,0.51459,0.44949,0.38405,0.31829,0.25223,0.18587,0.11923,0.052331,-0.014816,-0.082196,-0.14979,-0.21759,-0.28558,-0.35373,-0.42204,-0.4905,-0.55907,-0.62775,-0.69653,-0.76538,-0.8343,-0.90326,-0.97224,-1.0412,-1.1102,-1.1792,-1.2482,-1.3171,-1.3859,-1.4546,-1.5233,-1.5918,-1.6602,-1.7284,-1.7965,-1.8644,-1.9321,-1.9996,-2.0669,-2.1339,-2.2007,-2.2671,-2.3333,-2.3992,-2.4648,-2.53,-2.5949,-2.6594,-2.7235,-2.7872,-2.8505,-2.9134,-2.9758,-3.0378,-3.0992,-3.1602,-3.2207,-3.2807,-3.3401,-3.399,-3.4573,-3.515,-3.5722,-3.6287,-3.6846,-3.7399,-3.7945,-3.8485,-3.9018,-3.9544,-4.0062,-4.0574,-4.1079,-4.1576,-4.2066,-4.2548,-4.3022,-4.3488,-4.3946,-4.4397,-4.4839,-4.5272,-4.5697,-4.6114,-4.6522,-4.6921,-4.7311,-4.7692,-4.8065,-4.8428,-4.8781,-4.9126,-4.9461,-4.9786,-5.0102,-5.0408,-5.0704,-5.099,-5.1267,-5.1533,-5.1789,-5.2035,-5.2271,-5.2496,-5.2712,-5.2916,-5.311,-5.3294,-5.3467,-5.363,-5.3781,-5.3922,-5.4052,-5.4172,-5.428,-5.4378,-5.4464,-5.454,-5.4604,-5.4658,-5.4701,-5.4732,-5.4752,-5.4762,-5.476,-5.4747,-5.4722,-5.4687,-5.4641,-5.4583,-5.4514,-5.4434,-5.4343,-5.4241,-5.4128,-5.4003,-5.3868,-5.3721,-5.3564,-5.3395,-5.3215,-5.3025,-5.2823,-5.2611,-5.2388,-5.2154,-5.1909,-5.1654,-5.1387,-5.1111,-5.0823,-5.0525,-5.0217,-4.9898,-4.957,-4.923,-4.8881,-4.8521,-4.8152,-4.7772,-4.7383,-4.6983,-4.6574,-4.6156,-4.5728,-4.529,-4.4843,-4.4387,-4.3921,-4.3447,-4.2963,-4.2471,-4.197,-4.146,-4.0942,-4.0415,-3.988,-3.9337,-3.8785,-3.8226,-3.7659,-3.7084,-3.6501,-3.5911,-3.5314,-3.4709,-3.4097,-3.3479,-3.2853,-3.2221,-3.1582,-3.0937,-3.0286,-2.9629,-2.8965,-2.8296,-2.7621,-2.6941,-2.6255,-2.5564,-2.4868,-2.4167,-2.3461,-2.2751,-2.2036,-2.1317,-2.0594,-1.9867,-1.9136,-1.8402,-1.7664,-1.6923,-1.6178,-1.5431,-1.4681,-1.3928,-1.3173,-1.2415,-1.1655,-1.0894,-1.013,-0.93653,-0.85988,-0.78311,-0.70622,-0.62925,-0.5522,-0.47509,-0.39794,-0.32077,-0.2436,-0.16643,-0.0893,-0.012213,0.064809,0.14175,0.21859,0.29532,0.37191,0.44835,0.52462,0.60071,0.67659,0.75226,0.82768,0.90286,0.97776,1.0524,1.1267,1.2007,1.2743,1.3476,1.4205,1.4931,1.5652,1.6369,1.7082,1.779,1.8494,1.9193,1.9886,2.0575,2.1258,2.1936,2.2608,2.3274,2.3935,2.4589,2.5237,2.5879,2.6514,2.7143,2.7765,2.838,2.8988,2.9588,3.0182,3.0767,3.1346,3.1916,3.2479,3.3033,3.358,3.4118,3.4648,3.517,3.5683,3.6187,3.6682,3.7169,3.7646,3.8115,3.8574,3.9024,3.9464,3.9895,4.0316,4.0727,4.1129,4.1521,4.1902,4.2274,4.2636,4.2987,4.3328,4.3659,4.3979,4.4289,4.4588,4.4877,4.5154,4.5421,4.5678,4.5923,4.6158,4.6381,4.6594,4.6795,4.6986,4.7165,4.7333,4.749,4.7636,4.777,4.7893,4.8005,4.8106,4.8195,4.8273,4.834,4.8395,4.8439,4.8472,4.8493,4.8503,4.8501,4.8488,4.8464,4.8429,4.8382,4.8324,4.8254,4.8174,4.8082,4.7979,4.7865,4.774,4.7604,4.7456,4.7298,4.7129,4.6949,4.6758,4.6556,4.6344,4.6121,4.5887,4.5643,4.5388,4.5123,4.4848,4.4562,4.4267,4.3961,4.3645,4.3319,4.2983,4.2638,4.2283,4.1918,4.1544,4.116,4.0768,4.0366,3.9955,3.9535,3.9106,3.8668,3.8222,3.7767,3.7304,3.6833,3.6353,3.5866,3.537,3.4867,3.4356,3.3837,3.3312,3.2779,3.2238,3.1691,3.1137,3.0576,3.0009,2.9436,2.8856,2.827,2.7678,2.708,2.6476,2.5867,2.5253,2.4633,2.4009,2.3379,2.2745,2.2106,2.1463,2.0815,2.0164,1.9508,1.8849,1.8186,1.752,1.685,1.6178,1.5502,1.4824,1.4143,1.346,1.2775,1.2087,1.1398,1.0707,1.0014,0.93198,0.86246,0.79284,0.72313,0.65335,0.58353,0.51367,0.4438,0.37393,0.30408,0.23427,0.16451,0.094829,0.025236,-0.044248,-0.11361,-0.18283,-0.25188,-0.32076,-0.38945,-0.45792,-0.52617,-0.59417,-0.66191,-0.72937,-0.79653,-0.86338,-0.9299,-0.99607,-1.0619,-1.1273,-1.1923,-1.257,-1.3212,-1.3849,-1.4482,-1.511,-1.5733,-1.6352,-1.6965,-1.7572,-1.8174,-1.877,-1.9361,-1.9946,-2.0524,-2.1096,-2.1662,-2.2221,-2.2774,-2.3319,-2.3858,-2.439,-2.4914,-2.5431,-2.594,-2.6442,-2.6937,-2.7423,-2.7901,-2.8371,-2.8833,-2.9287,-2.9732,-3.0169,-3.0597,-3.1016,-3.1426,-3.1827,-3.222,-3.2603,-3.2976,-3.3341,-3.3696,-3.4041,-3.4377,-3.4703,-3.5019,-3.5325,-3.5621,-3.5908,-3.6184,-3.645,-3.6705,-3.6951,-3.7186,-3.7411,-3.7625,-3.7828,-3.8021,-3.8204,-3.8375,-3.8536,-3.8687,-3.8826,-3.8954,-3.9072,-3.9179,-3.9275,-3.9359,-3.9433,-3.9496,-3.9548,-3.9589,-3.9619,-3.9638,-3.9645,-3.9642,-3.9627,-3.9602,-3.9566,-3.9518,-3.9459,-3.939,-3.9309,-3.9218,-3.9115,-3.9002,-3.8878,-3.8742,-3.8596,-3.8439,-3.8272,-3.8094,-3.7905,-3.7705,-3.7495,-3.7274,-3.7043,-3.6801,-3.6549,-3.6287,-3.6014,-3.5732,-3.5439,-3.5136,-3.4823,-3.45,-3.4168,-3.3826,-3.3474,-3.3113,-3.2742,-3.2362,-3.1973,-3.1574,-3.1166,-3.075,-3.0324,-2.989,-2.9447,-2.8996,-2.8536,-2.8068,-2.7591,-2.7107,-2.6615,-2.6114,-2.5606,-2.5091,-2.4568,-2.4038,-2.35,-2.2956,-2.2404,-2.1846,-2.1281,-2.0709,-2.0131,-1.9547,-1.8957,-1.8361,-1.7759,-1.7152,-1.6539,-1.5921,-1.5297,-1.4669,-1.4035,-1.3397,-1.2754,-1.2107,-1.1456,-1.0801,-1.0142,-0.94788,-0.88123,-0.81424,-0.74693,-0.67931,-0.6114,-0.54322,-0.47479,-0.40611,-0.33722,-0.26812,-0.19883,-0.12937,-0.059765,0.0099769,0.079836,0.14979,0.21983,0.28994,0.36009,0.43027,0.50046,0.57064,0.6408,0.71092,0.78098,0.85096,0.92085,0.99062,1.0603,1.1298,1.1991,1.2682,1.3372,1.4059,1.4744,1.5427,1.6106,1.6783,1.7457,1.8128,1.8795,1.9459,2.0119,2.0775,2.1427,2.2075,2.2718,2.3357,2.3992,2.4621,2.5245,2.5864,2.6478,2.7087,2.7689,2.8286,2.8877,2.9462,3.004,3.0612,3.1178,3.1736,3.2288,3.2833,3.3371,3.3901,3.4425,3.494,3.5448,3.5948,3.644,3.6924,3.74,3.7868,3.8327,3.8777,3.9219,3.9652,4.0076,4.0491,4.0897,4.1294,4.1681,4.2059,4.2428,4.2786,4.3135,4.3474,4.3804,4.4123,4.4432,4.4731,4.5019,4.5298,4.5566,4.5823,4.607,4.6306,4.6531,4.6746,4.695,4.7143,4.7325,4.7495,4.7655,4.7804,4.7942,4.8068,4.8183,4.8287,4.838,4.8461,4.8531,4.859,4.8637,4.8673,4.8697,4.871,4.8711,4.8701,4.8679,4.8646,4.8601,4.8545,4.8477,4.8398,4.8307,4.8205,4.8091,4.7966,4.783,4.7682,4.7523,4.7352,4.717,4.6977,4.6772,4.6557,4.633,4.6092,4.5843,4.5583,4.5313,4.5031,4.4738,4.4435,4.4121,4.3796,4.3461,4.3115,4.2759,4.2392,4.2015,4.1628,4.1231,4.0824,4.0406,3.998,3.9543,3.9097,3.8641,3.8175,3.7701,3.7217,3.6724,3.6222,3.5711,3.5191,3.4663,3.4126,3.358,3.3027,3.2465,3.1895,3.1317,3.0731,3.0138,2.9537,2.8929,2.8314,2.7691,2.7062,2.6426,2.5783,2.5133,2.4477,2.3815,2.3147,2.2473,2.1793,2.1108,2.0417,1.9721,1.902,1.8313,1.7602,1.6887,1.6167,1.5442,1.4714,1.3981,1.3245,1.2505,1.1762,1.1015,1.0265,0.95126,0.87572,0.79992,0.72388,0.64762,0.57116,0.49451,0.41769,0.34073,0.26363,0.18641,0.1091,0.031711,-0.045738,-0.12323,-0.20074,-0.27826,-0.35577,-0.43324,-0.51067,-0.58803,-0.66531,-0.74248,-0.81952,-0.89643,-0.97318,-1.0498,-1.1261,-1.2023,-1.2782,-1.3539,-1.4294,-1.5045,-1.5793,-1.6539,-1.728,-1.8019,-1.8753,-1.9484,-2.0211,-2.0933,-2.1651,-2.2365,-2.3073,-2.3777,-2.4476,-2.5169,-2.5858,-2.654,-2.7217,-2.7888,-2.8553,-2.9211,-2.9864,-3.0509,-3.1149,-3.1781,-3.2406,-3.3024,-3.3635,-3.4239,-3.4835,-3.5423,-3.6004,-3.6576,-3.7141,-3.7697,-3.8245,-3.8784,-3.9315,-3.9837,-4.035,-4.0854,-4.1349,-4.1834,-4.2311,-4.2778,-4.3235,-4.3682,-4.412,-4.4548,-4.4966,-4.5374,-4.5771,-4.6159,-4.6536,-4.6902,-4.7258,-4.7603,-4.7938,-4.8262,-4.8574,-4.8876,-4.9167,-4.9447,-4.9715,-4.9973,-5.0219,-5.0454,-5.0677,-5.0889,-5.1089,-5.1278,-5.1455,-5.162,-5.1774,-5.1916,-5.2046,-5.2165,-5.2272,-5.2366,-5.2449,-5.252,-5.2579,-5.2627,-5.2662,-5.2685,-5.2697,-5.2696,-5.2683,-5.2659,-5.2623,-5.2574,-5.2514,-5.2442,-5.2357,-5.2261,-5.2153,-5.2034,-5.1902,-5.1759,-5.1604,-5.1437,-5.1259,-5.1068,-5.0867,-5.0654,-5.0429,-5.0193,-4.9945,-4.9686,-4.9416,-4.9135,-4.8843,-4.8539,-4.8225,-4.7899,-4.7563,-4.7216,-4.6858,-4.649,-4.6111,-4.5722,-4.5322,-4.4912,-4.4492,-4.4062,-4.3622,-4.3173,-4.2713,-4.2244,-4.1765,-4.1277,-4.078,-4.0273,-3.9758,-3.9233,-3.87,-3.8158,-3.7607,-3.7048,-3.6481,-3.5905,-3.5322,-3.4731,-3.4132,-3.3525,-3.2911,-3.2289,-3.166,-3.1025,-3.0382,-2.9733,-2.9077,-2.8415,-2.7746,-2.7072,-2.6391,-2.5705,-2.5013,-2.4315,-2.3613,-2.2905,-2.2192,-2.1474,-2.0752,-2.0025,-1.9294,-1.8559,-1.782,-1.7078,-1.6331,-1.5581,-1.4828,-1.4072,-1.3313,-1.2552,-1.1788,-1.1021,-1.0252,-0.94817,-0.87093,-0.79352,-0.71597,-0.6383,-0.56051,-0.48264,-0.4047,-0.32671,-0.24868,-0.17064,-0.0926,-0.014582,0.063395,0.14131,0.21916,0.2969,0.37454,0.45204,0.52939,0.60658,0.68358,0.76037,0.83695,0.91328,0.98935,1.0652,1.1407,1.2158,1.2907,1.3652,1.4394,1.5132,1.5865,1.6595,1.732,1.8041,1.8757,1.9468,2.0174,2.0875,2.1571,2.2261,2.2946,2.3624,2.4297,2.4964,2.5624,2.6278,2.6925,2.7565,2.8199,2.8825,2.9445,3.0057,3.0661,3.1258,3.1847,3.2428,3.3001,3.3566,3.4123,3.4671,3.5211,3.5742,3.6264,3.6777,3.7281,3.7776,3.8262,3.8738,3.9205,3.9662,4.0109,4.0547,4.0974,4.1392,4.1799,4.2197,4.2583,4.296,4.3326,4.3681,4.4026,4.436,4.4684,4.4996,4.5297,4.5588,4.5867,4.6135,4.6392,4.6638,4.6872,4.7095,4.7306,4.7506,4.7694,4.7871,4.8036,4.819,4.8332,4.8462,4.858,4.8687,4.8782,4.8865,4.8936,4.8995,4.9043,4.9078,4.9102,4.9114,4.9114,4.9102,4.9078,4.9043,4.8995,4.8936,4.8864,4.8781,4.8687,4.858,4.8462,4.8332,4.819,4.8037,4.7872,4.7695,4.7507,4.7308,4.7097,4.6875,4.6641,4.6396,4.614,4.5873,4.5595,4.5306,4.5005,4.4694,4.4372,4.404,4.3697,4.3343,4.2979,4.2604,4.2219,4.1824,4.1419,4.1004,4.0579,4.0144,3.9699,3.9245,3.8781,3.8308,3.7826,3.7334,3.6834,3.6324,3.5806,3.5279,3.4744,3.42,3.3648,3.3087,3.2519,3.1943,3.1359,3.0767,3.0168,2.9562,2.8948,2.8327,2.77,2.7065,2.6424,2.5777,2.5123,2.4463,2.3797,2.3126,2.2448,2.1765,2.1077,2.0383,1.9685,1.8981,1.8273,1.756,1.6843,1.6122,1.5397,1.4667,1.3934,1.3198,1.2458,1.1715,1.0969,1.022,0.94684,0.87143,0.79579,0.71993,0.64388,0.56765,0.49126,0.41472,0.33806,0.26128,0.18442,0.10748,0.030493,-0.046536,-0.12358,-0.20063,-0.27767,-0.35467,-0.43162,-0.5085,-0.58529,-0.66198,-0.73854,-0.81497,-0.89124,-0.96734,-1.0432,-1.1189,-1.1944,-1.2696,-1.3446,-1.4193,-1.4936,-1.5677,-1.6415,-1.7149,-1.7879,-1.8606,-1.9328,-2.0047,-2.0761,-2.1471,-2.2176,-2.2876,-2.3572,-2.4262,-2.4947,-2.5627,-2.6301,-2.6969,-2.7632,-2.8289,-2.8939,-2.9583,-3.0221,-3.0852,-3.1477,-3.2095,-3.2705,-3.3309,-3.3905,-3.4494,-3.5075,-3.5649,-3.6215,-3.6773,-3.7323,-3.7865,-3.8398,-3.8923,-3.944,-3.9948,-4.0448,-4.0938,-4.142,-4.1892,-4.2356,-4.281,-4.3255,-4.369,-4.4116,-4.4533,-4.4939,-4.5336,-4.5723,-4.61,-4.6467,-4.6824,-4.7171,-4.7507,-4.7834,-4.8149,-4.8455,-4.875,-4.9034,-4.9308,-4.9571,-4.9823,-5.0065,-5.0295,-5.0515,-5.0724,-5.0922,-5.1109,-5.1286,-5.1451,-5.1605,-5.1748,-5.1879,-5.2,-5.211,-5.2208,-5.2295,-5.2371,-5.2436,-5.249,-5.2533,-5.2564,-5.2584,-5.2593,-5.2591,-5.2578,-5.2553,-5.2518,-5.2471,-5.2413,-5.2345,-5.2265,-5.2174,-5.2072,-5.196,-5.1836,-5.1702,-5.1557,-5.1401,-5.1234,-5.1057,-5.0869,-5.0671,-5.0462,-5.0243,-5.0013,-4.9774,-4.9523,-4.9263,-4.8993,-4.8713,-4.8422,-4.8122,-4.7812,-4.7493,-4.7164,-4.6825,-4.6477,-4.612,-4.5753,-4.5377,-4.4992,-4.4599,-4.4196,-4.3785,-4.3365,-4.2937,-4.25,-4.2055,-4.1602,-4.114,-4.0671,-4.0194,-3.9709,-3.9217,-3.8717,-3.821,-3.7696,-3.7175,-3.6647,-3.6112,-3.557,-3.5022,-3.4467,-3.3906,-3.3339,-3.2767,-3.2188,-3.1603,-3.1013,-3.0418,-2.9817,-2.9212,-2.8601,-2.7986,-2.7365,-2.6741,-2.6112,-2.5479,-2.4841,-2.42,-2.3556,-2.2907,-2.2255,-2.16,-2.0942,-2.0281,-1.9617,-1.8951,-1.8282,-1.761,-1.6937,-1.6262,-1.5584,-1.4906,-1.4225,-1.3544,-1.2861,-1.2177,-1.1492,-1.0807,-1.0121,-0.94345,-0.8748,-0.80614,-0.7375,-0.66888,-0.60031,-0.5318,-0.46337,-0.39503,-0.32679,-0.25868,-0.19071,-0.12289,-0.055244,0.012216,0.079474,0.14651,0.21332,0.27988,0.34618,0.4122,0.47793,0.54334,0.60844,0.6732,0.7376,0.80164,0.8653,0.92856,0.99142,1.0538,1.1158,1.1774,1.2385,1.2991,1.3592,1.4188,1.4779,1.5364,1.5944,1.6519,1.7088,1.7651,1.8208,1.8759,1.9304,1.9843,2.0375,2.0901,2.142,2.1932,2.2438,2.2937,2.3428,2.3913,2.439,2.486,2.5322,2.5777,2.6225,2.6664,2.7096,2.752,2.7936,2.8344,2.8744,2.9136,2.9519,2.9894,3.0261,3.0619,3.0969,3.131,3.1642,3.1966,3.2281,3.2587,3.2884,3.3173,3.3452,3.3722,3.3983,3.4236,3.4479,3.4713,3.4937,3.5153,3.5359,3.5556,3.5743,3.5922,3.609,3.625,3.64,3.6541,3.6673,3.6795,3.6907,3.7011,3.7104,3.7189,3.7264,3.733,3.7386,3.7433,3.7471,3.7499,3.7519,3.7528,3.7529,3.7521,3.7503,3.7476,3.744,3.7395,3.7341,3.7278,3.7206,3.7125,3.7035,3.6936,3.6829,3.6713,3.6588,3.6455,3.6313,3.6163,3.6005,3.5838,3.5663,3.548,3.5288,3.5089,3.4882,3.4666,3.4444,3.4213,3.3975,3.3729,3.3476,3.3216,3.2948,3.2673,3.2391,3.2102,3.1807,3.1505,3.1196,3.088,3.0558,3.023,2.9895,2.9555,2.9208,2.8856,2.8498,2.8134,2.7765,2.739,2.701,2.6625,2.6235,2.584,2.544,2.5036,2.4627,2.4213,2.3796,2.3374,2.2948,2.2519,2.2086,2.1649,2.1208,2.0765,2.0318,1.9868,1.9415,1.8959,1.8501,1.8041,1.7578,1.7112,1.6645,1.6176,1.5705,1.5232,1.4758,1.4282,1.3805,1.3328,1.2849,1.2369,1.1889,1.1408,1.0927,1.0446,0.99645,0.94832,0.90021,0.85214,0.80411,0.75615,0.70827,0.66048,0.61279,0.56523,0.5178,0.47052,0.42339,0.37645,0.32969,0.28314,0.2368,0.19069,0.14483,0.099217,0.053878,0.0088218,-0.035938,-0.08039,-0.12452,-0.16831,-0.21176,-0.25485,-0.29757,-0.3399,-0.38183,-0.42336,-0.46446,-0.50514,-0.54536,-0.58514,-0.62444,-0.66327,-0.70161,-0.73945,-0.77677,-0.81358,-0.84985,-0.88558,-0.92075,-0.95536,-0.9894,-1.0229,-1.0557,-1.088,-1.1196,-1.1507,-1.1811,-1.2108,-1.24,-1.2684,-1.2962,-1.3234,-1.3498,-1.3756,-1.4007,-1.4251,-1.4487,-1.4717,-1.4939,-1.5155,-1.5363,-1.5563,-1.5756,-1.5942,-1.612,-1.629,-1.6453,-1.6608,-1.6755,-1.6895,-1.7027,-1.7151,-1.7267,-1.7375,-1.7476,-1.7568,-1.7652,-1.7729,-1.7797,-1.7857,-1.7909,-1.7953,-1.7989,-1.8017,-1.8037,-1.8049,-1.8052,-1.8048,-1.8035,-1.8014,-1.7985,-1.7948,-1.7903,-1.785,-1.7789,-1.772,-1.7642,-1.7557,-1.7464,-1.7363,-1.7254,-1.7137,-1.7012,-1.688,-1.6739,-1.6591,-1.6435,-1.6272,-1.6101,-1.5923,-1.5737,-1.5543,-1.5343,-1.5135,-1.4919,-1.4697,-1.4467,-1.423,-1.3987,-1.3736,-1.3479,-1.3214,-1.2943,-1.2666,-1.2382,-1.2091,-1.1794,-1.1491,-1.1182,-1.0866,-1.0545,-1.0217,-0.98841,-0.95451,-0.92005,-0.88503,-0.84947,-0.81339,-0.77677,-0.73965,-0.70203,-0.66392,-0.62532,-0.58627,-0.54675,-0.5068,-0.46641,-0.42559,-0.38437,-0.34276,-0.30076,-0.25839,-0.21565,-0.17257,-0.12916,-0.085423,-0.041378,0.0029634,0.047588,0.092482,0.13763,0.18303,0.22865,0.27449,0.32053,0.36677,0.41317,0.45974,0.50646,0.55331,0.60029,0.64736,0.69454,0.74178,0.7891,0.83646,0.88386,0.93128,0.97871,1.0261,1.0735,1.1209,1.1682,1.2155,1.2626,1.3097,1.3567,1.4035,1.4503,1.4968,1.5432,1.5895,1.6355,1.6813,1.7269,1.7723,1.8174,1.8623,1.9069,1.9512,1.9952,2.0389,2.0822,2.1252,2.1678,2.2101,2.252,2.2935,2.3346,2.3752,2.4154,2.4552,2.4945,2.5333,2.5717,2.6095,2.6468,2.6836,2.7199,2.7556,2.7908,2.8254,2.8593,2.8927,2.9255,2.9577,2.9893,3.0202,3.0504,3.08,3.1089,3.1372,3.1647,3.1916,3.2177,3.2431,3.2678,3.2917,3.3149,3.3374,3.359,3.3799,3.4,3.4194,3.4379,3.4556,3.4725,3.4886,3.5039,3.5183,3.5319,3.5446,3.5565,3.5675,3.5776,3.5869,3.5953,3.6028,3.6095,3.6152,3.62,3.624,3.627,3.6292,3.6304,3.6307,3.6301,3.6286,3.6261,3.6227,3.6184,3.6132,3.607,3.5999,3.5919,3.5829,3.573,3.5622,3.5504,3.5377,3.524,3.5094,3.4939,3.4775,3.4601,3.4418,3.4225,3.4023,3.3813,3.3592,3.3363,3.3124,3.2877,3.262,3.2354,3.2079,3.1795,3.1502,3.1201,3.089,3.0571,3.0243,2.9906,2.9561,2.9207,2.8844,2.8473,2.8094,2.7706,2.731,2.6906,2.6494,2.6074,2.5646,2.521,2.4766,2.4315,2.3856,2.339,2.2916,2.2435,2.1946,2.1451,2.0948,2.0439,1.9923,1.94,1.887,1.8334,1.7792,1.7243,1.6689,1.6128,1.5561,1.4989,1.441,1.3827,1.3238,1.2643,1.2044,1.1439,1.083,1.0215,0.95964,0.8973,0.83452,0.77133,0.70772,0.64372,0.57933,0.51459,0.44949,0.38405,0.31829,0.25223,0.18587,0.11923,0.052331,-0.014816,-0.082196,-0.14979,-0.21759,-0.28558,-0.35373,-0.42204,-0.4905,-0.55907,-0.62775,-0.69653,-0.76538,-0.8343,-0.90326,-0.97224,-1.0412,-1.1102,-1.1792,-1.2482,-1.3171,-1.3859,-1.4546,-1.5233,-1.5918,-1.6602,-1.7284,-1.7965,-1.8644,-1.9321,-1.9996,-2.0669,-2.1339,-2.2007,-2.2671,-2.3333,-2.3992,-2.4648,-2.53,-2.5949,-2.6594,-2.7235,-2.7872,-2.8505,-2.9134,-2.9758,-3.0378,-3.0992,-3.1602,-3.2207,-3.2807,-3.3401,-3.399,-3.4573,-3.515,-3.5722,-3.6287,-3.6846,-3.7399,-3.7945,-3.8485,-3.9018,-3.9544,-4.0062,-4.0574,-4.1079,-4.1576,-4.2066,-4.2548,-4.3022,-4.3488,-4.3946,-4.4397,-4.4839,-4.5272,-4.5697,-4.6114,-4.6522,-4.6921,-4.7311,-4.7692,-4.8065,-4.8428,-4.8781,-4.9126,-4.9461,-4.9786,-5.0102,-5.0408,-5.0704,-5.099,-5.1267,-5.1533,-5.1789,-5.2035,-5.2271,-5.2496,-5.2712,-5.2916,-5.311,-5.3294,-5.3467,-5.363,-5.3781,-5.3922,-5.4052,-5.4172,-5.428,-5.4378,-5.4464,-5.454,-5.4604,-5.4658,-5.4701,-5.4732,-5.4752,-5.4762,-5.476,-5.4747,-5.4722,-5.4687,-5.4641,-5.4583,-5.4514,-5.4434,-5.4343,-5.4241,-5.4128,-5.4003,-5.3868,-5.3721,-5.3564,-5.3395,-5.3215,-5.3025,-5.2823,-5.2611,-5.2388,-5.2154,-5.1909,-5.1654,-5.1387,-5.1111,-5.0823,-5.0525,-5.0217,-4.9898,-4.957,-4.923,-4.8881,-4.8521,-4.8152,-4.7772,-4.7383,-4.6983,-4.6574,-4.6156,-4.5728,-4.529,-4.4843,-4.4387,-4.3921,-4.3447,-4.2963,-4.2471,-4.197,-4.146,-4.0942,-4.0415,-3.988,-3.9337,-3.8785,-3.8226,-3.7659,-3.7084,-3.6501,-3.5911,-3.5314,-3.4709,-3.4097,-3.3479,-3.2853,-3.2221,-3.1582,-3.0937,-3.0286,-2.9629,-2.8965,-2.8296,-2.7621,-2.6941,-2.6255,-2.5564,-2.4868,-2.4167,-2.3461,-2.2751,-2.2036,-2.1317,-2.0594,-1.9867,-1.9136,-1.8402,-1.7664,-1.6923,-1.6178,-1.5431,-1.4681,-1.3928,-1.3173,-1.2415,-1.1655,-1.0894,-1.013,-0.93653,-0.85988,-0.78311,-0.70622,-0.62925,-0.5522,-0.47509,-0.39794,-0.32077,-0.2436,-0.16643,-0.0893,-0.012213,0.064809,0.14175,0.21859,0.29532,0.37191,0.44835,0.52462,0.60071,0.67659,0.75226,0.82768,0.90286,0.97776,1.0524,1.1267,1.2007,1.2743,1.3476,1.4205,1.4931,1.5652,1.6369,1.7082,1.779,1.8494,1.9193,1.9886,2.0575,2.1258,2.1936,2.2608,2.3274,2.3935,2.4589,2.5237,2.5879,2.6514,2.7143,2.7765,2.838,2.8988,2.9588,3.0182,3.0767,3.1346,3.1916,3.2479,3.3033,3.358,3.4118,3.4648,3.517,3.5683,3.6187,3.6682,3.7169,3.7646,3.8115,3.8574,3.9024,3.9464,3.9895,4.0316,4.0727,4.1129,4.1521,4.1902,4.2274,4.2636,4.2987,4.3328,4.3659,4.3979,4.4289,4.4588,4.4877,4.5154,4.5421,4.5678,4.5923,4.6158,4.6381,4.6594,4.6795,4.6986,4.7165,4.7333,4.749,4.7636,4.777,4.7893,4.8005,4.8106,4.8195,4.8273,4.834,4.8395,4.8439,4.8472,4.8493,4.8503,4.8501,4.8488,4.8464,4.8429,4.8382,4.8324,4.8254,4.8174,4.8082,4.7979,4.7865,4.774,4.7604,4.7456,4.7298,4.7129,4.6949,4.6758,4.6556,4.6344,4.6121,4.5887,4.5643,4.5388,4.5123,4.4848,4.4562,4.4267,4.3961,4.3645,4.3319,4.2983,4.2638,4.2283,4.1918,4.1544,4.116,4.0768,4.0366,3.9955,3.9535,3.9106,3.8668,3.8222,3.7767,3.7304,3.6833,3.6353,3.5866,3.537,3.4867,3.4356,3.3837,3.3312,3.2779,3.2238,3.1691,3.1137,3.0576,3.0009,2.9436,2.8856,2.827,2.7678,2.708,2.6476,2.5867,2.5253,2.4633,2.4009,2.3379,2.2745,2.2106,2.1463,2.0815,2.0164,1.9508,1.8849,1.8186,1.752,1.685,1.6178,1.5502,1.4824,1.4143,1.346,1.2775,1.2087,1.1398,1.0707,1.0014,0.93198,0.86246,0.79284,0.72313,0.65335,0.58353,0.51367,0.4438,0.37393,0.30408,0.23427,0.16451,0.094829,0.025236,-0.044248,-0.11361,-0.18283,-0.25188,-0.32076,-0.38945,-0.45792,-0.52617,-0.59417,-0.66191,-0.72937,-0.79653,-0.86338,-0.9299,-0.99607,-1.0619,-1.1273,-1.1923,-1.257,-1.3212,-1.3849,-1.4482,-1.511,-1.5733,-1.6352,-1.6965,-1.7572,-1.8174,-1.877,-1.9361,-1.9946,-2.0524,-2.1096,-2.1662,-2.2221,-2.2774,-2.3319,-2.3858,-2.439,-2.4914,-2.5431,-2.594,-2.6442,-2.6937,-2.7423,-2.7901,-2.8371,-2.8833,-2.9287,-2.9732,-3.0169,-3.0597,-3.1016,-3.1426,-3.1827,-3.222,-3.2603,-3.2976,-3.3341,-3.3696,-3.4041,-3.4377,-3.4703,-3.5019,-3.5325,-3.5621,-3.5908,-3.6184,-3.645,-3.6705,-3.6951,-3.7186,-3.7411,-3.7625,-3.7828,-3.8021,-3.8204,-3.8375,-3.8536,-3.8687,-3.8826,-3.8954,-3.9072,-3.9179,-3.9275,-3.9359,-3.9433,-3.9496,-3.9548,-3.9589,-3.9619,-3.9638,-3.9645,-3.9642,-3.9627,-3.9602,-3.9566,-3.9518,-3.9459,-3.939,-3.9309,-3.9218,-3.9115,-3.9002,-3.8878,-3.8742,-3.8596,-3.8439,-3.8272,-3.8094,-3.7905,-3.7705,-3.7495,-3.7274,-3.7043,-3.6801,-3.6549,-3.6287,-3.6014,-3.5732,-3.5439,-3.5136,-3.4823,-3.45,-3.4168,-3.3826,-3.3474,-3.3113,-3.2742,-3.2362,-3.1973,-3.1574,-3.1166,-3.075,-3.0324,-2.989,-2.9447,-2.8996,-2.8536,-2.8068,-2.7591,-2.7107,-2.6615,-2.6114,-2.5606,-2.5091,-2.4568,-2.4038,-2.35,-2.2956,-2.2404,-2.1846,-2.1281,-2.0709,-2.0131,-1.9547,-1.8957,-1.8361,-1.7759,-1.7152,-1.6539,-1.5921,-1.5297,-1.4669,-1.4035,-1.3397,-1.2754,-1.2107,-1.1456,-1.0801,-1.0142,-0.94788,-0.88123,-0.81424,-0.74693,-0.67931,-0.6114,-0.54322,-0.47479,-0.40611,-0.33722,-0.26812,-0.19883,-0.12937,-0.059765,0.0099769,0.079836,0.14979,0.21983,0.28994,0.36009,0.43027,0.50046,0.57064,0.6408,0.71092,0.78098,0.85096,0.92085,0.99062,1.0603,1.1298,1.1991,1.2682,1.3372,1.4059,1.4744,1.5427,1.6106,1.6783,1.7457,1.8128,1.8795,1.9459,2.0119,2.0775,2.1427,2.2075,2.2718,2.3357,2.3992,2.4621,2.5245,2.5864,2.6478,2.7087,2.7689,2.8286,2.8877,2.9462,3.004,3.0612,3.1178,3.1736,3.2288,3.2833,3.3371,3.3901,3.4425,3.494,3.5448,3.5948,3.644,3.6924,3.74,3.7868,3.8327,3.8777,3.9219,3.9652,4.0076,4.0491,4.0897,4.1294,4.1681,4.2059,4.2428,4.2786,4.3135,4.3474,4.3804,4.4123,4.4432,4.4731,4.5019,4.5298,4.5566,4.5823,4.607,4.6306,4.6531,4.6746,4.695,4.7143,4.7325,4.7495,4.7655,4.7804,4.7942,4.8068,4.8183,4.8287,4.838,4.8461,4.8531,4.859,4.8637,4.8673,4.8697,4.871,4.8711,4.8701,4.8679,4.8646,4.8601,4.8545,4.8477,4.8398,4.8307,4.8205,4.8091,4.7966,4.783,4.7682,4.7523,4.7352,4.717,4.6977,4.6772,4.6557,4.633,4.6092,4.5843,4.5583,4.5313,4.5031,4.4738,4.4435,4.4121,4.3796,4.3461,4.3115,4.2759,4.2392,4.2015,4.1628,4.1231,4.0824,4.0406,3.998,3.9543,3.9097,3.8641,3.8175,3.7701,3.7217,3.6724,3.6222,3.5711,3.5191,3.4663,3.4126,3.358,3.3027,3.2465,3.1895,3.1317,3.0731,3.0138,2.9537,2.8929,2.8314,2.7691,2.7062,2.6426,2.5783,2.5133,2.4477,2.3815,2.3147,2.2473,2.1793,2.1108,2.0417,1.9721,1.902,1.8313,1.7602,1.6887,1.6167,1.5442,1.4714,1.3981,1.3245,1.2505,1.1762,1.1015,1.0265,0.95126,0.87572,0.79992,0.72388,0.64762,0.57116,0.49451,0.41769,0.34073,0.26363,0.18641,0.1091,0.031711,-0.045738,-0.12323,-0.20074,-0.27826,-0.35577,-0.43324,-0.51067,-0.58803,-0.66531,-0.74248,-0.81952,-0.89643,-0.97318,-1.0498,-1.1261,-1.2023,-1.2782,-1.3539,-1.4294,-1.5045,-1.5793,-1.6539,-1.728,-1.8019,-1.8753,-1.9484,-2.0211,-2.0933,-2.1651,-2.2365,-2.3073,-2.3777,-2.4476,-2.5169,-2.5858,-2.654,-2.7217,-2.7888,-2.8553,-2.9211,-2.9864,-3.0509,-3.1149,-3.1781,-3.2406,-3.3024,-3.3635,-3.4239,-3.4835,-3.5423,-3.6004,-3.6576,-3.7141,-3.7697,-3.8245,-3.8784,-3.9315,-3.9837,-4.035,-4.0854,-4.1349,-4.1834,-4.2311,-4.2778,-4.3235,-4.3682,-4.412,-4.4548,-4.4966,-4.5374,-4.5771,-4.6159,-4.6536,-4.6902,-4.7258,-4.7603,-4.7938,-4.8262,-4.8574,-4.8876,-4.9167,-4.9447,-4.9715,-4.9973,-5.0219,-5.0454,-5.0677,-5.0889,-5.1089,-5.1278,-5.1455,-5.162,-5.1774,-5.1916,-5.2046,-5.2165,-5.2272,-5.2366,-5.2449,-5.252,-5.2579,-5.2627,-5.2662,-5.2685,-5.2697,-5.2696,-5.2683,-5.2659,-5.2623,-5.2574,-5.2514,-5.2442,-5.2357,-5.2261,-5.2153,-5.2034,-5.1902,-5.1759,-5.1604,-5.1437,-5.1259,-5.1068,-5.0867,-5.0654,-5.0429,-5.0193,-4.9945,-4.9686,-4.9416,-4.9135,-4.8843,-4.8539,-4.8225,-4.7899,-4.7563,-4.7216,-4.6858,-4.649,-4.6111,-4.5722,-4.5322,-4.4912,-4.4492,-4.4062,-4.3622,-4.3173,-4.2713,-4.2244,-4.1765,-4.1277,-4.078,-4.0273,-3.9758,-3.9233,-3.87,-3.8158,-3.7607,-3.7048,-3.6481,-3.5905,-3.5322,-3.4731,-3.4132,-3.3525,-3.2911,-3.2289,-3.166,-3.1025,-3.0382,-2.9733,-2.9077,-2.8415,-2.7746,-2.7072,-2.6391,-2.5705,-2.5013,-2.4315,-2.3613,-2.2905,-2.2192,-2.1474,-2.0752,-2.0025,-1.9294,-1.8559,-1.782,-1.7078,-1.6331,-1.5581,-1.4828,-1.4072,-1.3313,-1.2552,-1.1788,-1.1021,-1.0252,-0.94817,-0.87093,-0.79352,-0.71597,-0.6383,-0.56051,-0.48264,-0.4047,-0.32671,-0.24868,-0.17064,-0.0926,-0.014582,0.063395,0.14131,0.21916,0.2969,0.37454,0.45204,0.52939,0.60658,0.68358,0.76037,0.83695,0.91328,0.98935,1.0652,1.1407,1.2158,1.2907,1.3652,1.4394,1.5132,1.5865,1.6595,1.732,1.8041,1.8757,1.9468,2.0174,2.0875,2.1571,2.2261,2.2946,2.3624,2.4297,2.4964,2.5624,2.6278,2.6925,2.7565,2.8199,2.8825,2.9445,3.0057,3.0661,3.1258,3.1847,3.2428,3.3001,3.3566,3.4123,3.4671,3.5211,3.5742,3.6264,3.6777,3.7281,3.7776,3.8262,3.8738,3.9205,3.9662,4.0109,4.0547,4.0974,4.1392,4.1799,4.2197,4.2583,4.296,4.3326,4.3681,4.4026,4.436,4.4684,4.4996,4.5297,4.5588,4.5867,4.6135,4.6392,4.6638,4.6872,4.7095,4.7306,4.7506,4.7694,4.7871,4.8036,4.819,4.8332,4.8462,4.858,4.8687,4.8782,4.8865,4.8936,4.8995,4.9043,4.9078,4.9102,4.9114,4.9114,4.9102,4.9078,4.9043,4.8995,4.8936,4.8864,4.8781,4.8687,4.858,4.8462,4.8332,4.819,4.8037,4.7872,4.7695,4.7507,4.7308,4.7097,4.6875,4.6641,4.6396,4.614,4.5873,4.5595,4.5306,4.5005,4.4694,4.4372,4.404,4.3697,4.3343,4.2979,4.2604,4.2219,4.1824,4.1419,4.1004,4.0579,4.0144,3.9699,3.9245,3.8781,3.8308,3.7826,3.7334,3.6834,3.6324,3.5806,3.5279,3.4744,3.42,3.3648,3.3087,3.2519,3.1943,3.1359,3.0767,3.0168,2.9562,2.8948,2.8327,2.77,2.7065,2.6424,2.5777,2.5123,2.4463,2.3797,2.3126,2.2448,2.1765,2.1077,2.0383,1.9685,1.8981,1.8273,1.756,1.6843,1.6122,1.5397,1.4667,1.3934,1.3198,1.2458,1.1715,1.0969,1.022,0.94684,0.87143,0.79579,0.71993,0.64388,0.56765,0.49126,0.41472,0.33806,0.26128,0.18442,0.10748,0.030493,-0.046536,-0.12358,-0.20063,-0.27767,-0.35467,-0.43162,-0.5085,-0.58529,-0.66198,-0.73854,-0.81497,-0.89124,-0.96734,-1.0432,-1.1189,-1.1944,-1.2696,-1.3446,-1.4193,-1.4936,-1.5677,-1.6415,-1.7149,-1.7879,-1.8606,-1.9328,-2.0047,-2.0761,-2.1471,-2.2176,-2.2876,-2.3572,-2.4262,-2.4947,-2.5627,-2.6301,-2.6969,-2.7632,-2.8289,-2.8939,-2.9583,-3.0221,-3.0852,-3.1477,-3.2095,-3.2705,-3.3309,-3.3905,-3.4494,-3.5075,-3.5649,-3.6215,-3.6773,-3.7323,-3.7865,-3.8398,-3.8923,-3.944,-3.9948,-4.0448,-4.0938,-4.142,-4.1892,-4.2356,-4.281,-4.3255,-4.369,-4.4116,-4.4533,-4.4939,-4.5336,-4.5723,-4.61,-4.6467,-4.6824,-4.7171,-4.7507,-4.7834,-4.8149,-4.8455,-4.875,-4.9034,-4.9308,-4.9571,-4.9823,-5.0065,-5.0295,-5.0515,-5.0724,-5.0922,-5.1109,-5.1286,-5.1451,-5.1605,-5.1748,-5.1879,-5.2,-5.211,-5.2208,-5.2295,-5.2371,-5.2436,-5.249,-5.2533,-5.2564,-5.2584,-5.2593,-5.2591,-5.2578,-5.2553,-5.2518,-5.2471,-5.2413,-5.2345,-5.2265,-5.2174,-5.2072,-5.196,-5.1836,-5.1702,-5.1557,-5.1401,-5.1234,-5.1057,-5.0869,-5.0671,-5.0462,-5.0243,-5.0013,-4.9774,-4.9523,-4.9263,-4.8993,-4.8713,-4.8422,-4.8122,-4.7812,-4.7493,-4.7164,-4.6825,-4.6477,-4.612,-4.5753,-4.5377,-4.4992,-4.4599,-4.4196,-4.3785,-4.3365,-4.2937,-4.25,-4.2055,-4.1602,-4.114,-4.0671,-4.0194,-3.9709,-3.9217,-3.8717,-3.821,-3.7696,-3.7175,-3.6647,-3.6112,-3.557,-3.5022,-3.4467,-3.3906,-3.3339,-3.2767,-3.2188,-3.1603,-3.1013,-3.0418,-2.9817,-2.9212,-2.8601,-2.7986,-2.7365,-2.6741,-2.6112,-2.5479,-2.4841,-2.42,-2.3556,-2.2907,-2.2255,-2.16,-2.0942,-2.0281,-1.9617,-1.8951,-1.8282,-1.761,-1.6937,-1.6262,-1.5584,-1.4906,-1.4225,-1.3544,-1.2861,-1.2177,-1.1492,-1.0807,-1.0121,-0.94345,-0.8748,-0.80614,-0.7375,-0.66888,-0.60031,-0.5318,-0.46337,-0.39503,-0.32679,-0.25868,-0.19071,-0.12289,-0.055244,0.012216,0.079474,0.14651,0.21332,0.27988,0.34618,0.4122,0.47793,0.54334,0.60844,0.6732,0.7376,0.80164,0.8653,0.92856,0.99142,1.0538,1.1158,1.1774,1.2385,1.2991,1.3592,1.4188,1.4779,1.5364,1.5944,1.6519,1.7088,1.7651,1.8208,1.8759,1.9304,1.9843,2.0375,2.0901,2.142,2.1932,2.2438,2.2937,2.3428,2.3913,2.439,2.486,2.5322,2.5777,2.6225,2.6664,2.7096,2.752,2.7936,2.8344,2.8744,2.9136,2.9519,2.9894,3.0261,3.0619,3.0969,3.131,3.1642,3.1966,3.2281,3.2587,3.2884,3.3173,3.3452,3.3722,3.3983,3.4236,3.4479,3.4713,3.4937,3.5153,3.5359,3.5556,3.5743,3.5922,3.609,3.625,3.64,3.6541,3.6673,3.6795,3.6907,3.7011,3.7104,3.7189,3.7264,3.733,3.7386,3.7433,3.7471,3.7499,3.7519,3.7528,3.7529,3.7521,3.7503,3.7476,3.744,3.7395,3.7341,3.7278,3.7206,3.7125,3.7035,3.6936,3.6829,3.6713,3.6588,3.6455,3.6313,3.6163,3.6005,3.5838,3.5663,3.548,3.5288,3.5089,3.4882,3.4666,3.4444,3.4213,3.3975,3.3729,3.3476,3.3216,3.2948,3.2673,3.2391,3.2102,3.1807,3.1505,3.1196,3.088,3.0558,3.023,2.9895,2.9555,2.9208,2.8856,2.8498,2.8134,2.7765,2.739,2.701,2.6625,2.6235,2.584,2.544,2.5036,2.4627,2.4213,2.3796,2.3374,2.2948,2.2519,2.2086,2.1649,2.1208,2.0765,2.0318,1.9868,1.9415,1.8959,1.8501,1.8041,1.7578,1.7112,1.6645,1.6176,1.5705,1.5232,1.4758,1.4282,1.3805,1.3328,1.2849,1.2369,1.1889,1.1408,1.0927,1.0446,0.99645,0.94832,0.90021,0.85214,0.80411,0.75615,0.70827,0.66048,0.61279,0.56523,0.5178,0.47052,0.42339,0.37645,0.32969,0.28314,0.2368,0.19069,0.14483,0.099217,0.053878,0.0088218,-0.035938,-0.08039,-0.12452,-0.16831,-0.21176,-0.25485,-0.29757,-0.3399,-0.38183,-0.42336,-0.46446,-0.50514,-0.54536,-0.58514,-0.62444,-0.66327,-0.70161,-0.73945,-0.77677,-0.81358,-0.84985,-0.88558,-0.92075,-0.95536,-0.9894,-1.0229,-1.0557,-1.088,-1.1196,-1.1507,-1.1811,-1.2108,-1.24,-1.2684,-1.2962,-1.3234,-1.3498,-1.3756,-1.4007,-1.4251,-1.4487,-1.4717,-1.4939,-1.5155,-1.5363,-1.5563,-1.5756,-1.5942,-1.612,-1.629,-1.6453,-1.6608,-1.6755,-1.6895,-1.7027,-1.7151,-1.7267,-1.7375,-1.7476,-1.7568,-1.7652,-1.7729,-1.7797,-1.7857,-1.7909,-1.7953,-1.7989,-1.8017,-1.8037,-1.8049,-1.8052,-1.8048,-1.8035,-1.8014,-1.7985,-1.7948,-1.7903,-1.785,-1.7789,-1.772,-1.7642,-1.7557,-1.7464,-1.7363,-1.7254,-1.7137,-1.7012,-1.688,-1.6739,-1.6591,-1.6435,-1.6272,-1.6101,-1.5923,-1.5737,-1.5543,-1.5343,-1.5135,-1.4919,-1.4697,-1.4467,-1.423,-1.3987,-1.3736,-1.3479,-1.3214,-1.2943,-1.2666,-1.2382,-1.2091,-1.1794,-1.1491,-1.1182,-1.0866,-1.0545,-1.0217,-0.98841,-0.95451,-0.92005,-0.88503,-0.84947,-0.81339,-0.77677,-0.73965,-0.70203,-0.66392,-0.62532,-0.58627,-0.54675,-0.5068,-0.46641,-0.42559,-0.38437,-0.34276,-0.30076,-0.25839,-0.21565,-0.17257,-0.12916,-0.085423,-0.041378,0.0029634,0.047588,0.092482,0.13763,0.18303,0.22865,0.27449,0.32053,0.36677,0.41317,0.45974,0.50646,0.55331,0.60029,0.64736,0.69454,0.74178,0.7891,0.83646,0.88386,0.93128,0.97871,1.0261,1.0735,1.1209,1.1682,1.2155,1.2626,1.3097,1.3567,1.4035,1.4503,1.4968,1.5432,1.5895,1.6355,1.6813,1.7269,1.7723,1.8174,1.8623,1.9069,1.9512,1.9952,2.0389,2.0822,2.1252,2.1678,2.2101,2.252,2.2935,2.3346,2.3752,2.4154,2.4552,2.4945,2.5333,2.5717,2.6095,2.6468,2.6836,2.7199,2.7556,2.7908,2.8254,2.8593,2.8927,2.9255,2.9577,2.9893,3.0202,3.0504,3.08,3.1089,3.1372,3.1647,3.1916,3.2177,3.2431,3.2678,3.2917,3.3149,3.3374,3.359,3.3799,3.4,3.4194,3.4379,3.4556,3.4725,3.4886,3.5039,3.5183,3.5319,3.5446,3.5565,3.5675,3.5776,3.5869,3.5953,3.6028,3.6095,3.6152,3.62,3.624,3.627,3.6292,3.6304,3.6307,3.6301,3.6286,3.6261,3.6227,3.6184,3.6132,3.607,3.5999,3.5919,3.5829,3.573,3.5622,3.5504,3.5377,3.524,3.5094,3.4939,3.4775,3.4601,3.4418,3.4225,3.4023,3.3813,3.3592,3.3363,3.3124,3.2877,3.262,3.2354,3.2079,3.1795,3.1502,3.1201,3.089,3.0571,3.0243,2.9906,2.9561,2.9207,2.8844,2.8473,2.8094,2.7706,2.731,2.6906,2.6494,2.6074,2.5646,2.521,2.4766,2.4315,2.3856,2.339,2.2916,2.2435,2.1946,2.1451,2.0948,2.0439,1.9923,1.94,1.887,1.8334,1.7792,1.7243,1.6689,1.6128,1.5561,1.4989,1.441,1.3827,1.3238,1.2643,1.2044,1.1439,1.083,1.0215
0.61571,0.62445,0.63305,0.64151,0.64983,0.658,0.66603,0.67391,0.68164,0.68921,0.69664,0.70391,0.71103,0.71799,0.72479,0.73144,0.73792,0.74425,0.75041,0.7564,0.76224,0.7679,0.77341,0.77874,0.7839,0.7889,0.79373,0.79838,0.80286,0.80717,0.81131,0.81528,0.81907,0.82268,0.82612,0.82939,0.83247,0.83539,0.83812,0.84068,0.84306,0.84526,0.84728,0.84913,0.8508,0.85229,0.8536,0.85473,0.85569,0.85646,0.85706,0.85748,0.85773,0.85779,0.85768,0.8574,0.85693,0.85629,0.85548,0.85449,0.85333,0.85199,0.85048,0.84879,0.84694,0.84491,0.84271,0.84035,0.83781,0.83511,0.83224,0.8292,0.826,0.82264,0.81911,0.81542,0.81157,0.80756,0.80339,0.79906,0.79458,0.78995,0.78516,0.78022,0.77512,0.76988,0.7645,0.75896,0.75328,0.74746,0.7415,0.73539,0.72915,0.72278,0.71626,0.70962,0.70284,0.69593,0.6889,0.68174,0.67446,0.66705,0.65952,0.65188,0.64412,0.63624,0.62826,0.62016,0.61195,0.60364,0.59523,0.58671,0.57809,0.56937,0.56056,0.55166,0.54266,0.53358,0.52441,0.51515,0.50582,0.4964,0.4869,0.47733,0.46769,0.45798,0.4482,0.43835,0.42844,0.41847,0.40844,0.39835,0.38821,0.37802,0.36778,0.35749,0.34716,0.33678,0.32637,0.31592,0.30544,0.29492,0.28438,0.27381,0.26321,0.25259,0.24196,0.2313,0.22063,0.20995,0.19926,0.18856,0.17786,0.16716,0.15645,0.14575,0.13505,0.12436,0.11368,0.10301,0.092362,0.081726,0.07111,0.060517,0.049947,0.039404,0.02889,0.018408,0.0079587,-0.0024541,-0.012829,-0.023163,-0.033454,-0.0437,-0.053898,-0.064047,-0.074144,-0.084187,-0.094174,-0.1041,-0.11397,-0.12378,-0.13352,-0.14319,-0.1528,-0.16233,-0.17179,-0.18118,-0.19049,-0.19972,-0.20887,-0.21794,-0.22692,-0.23582,-0.24463,-0.25335,-0.26197,-0.27051,-0.27895,-0.28729,-0.29553,-0.30367,-0.31171,-0.31965,-0.32748,-0.33521,-0.34282,-0.35033,-0.35773,-0.36501,-0.37218,-0.37924,-0.38618,-0.393,-0.3997,-0.40629,-0.41275,-0.41909,-0.4253,-0.43139,-0.43736,-0.44319,-0.4489,-0.45448,-0.45994,-0.46526,-0.47045,-0.4755,-0.48043,-0.48522,-0.48987,-0.49439,-0.49878,-0.50302,-0.50713,-0.51111,-0.51494,-0.51864,-0.5222,-0.52561,-0.52889,-0.53203,-0.53503,-0.53788,-0.5406,-0.54317,-0.54561,-0.5479,-0.55005,-0.55206,-0.55393,-0.55565,-0.55724,-0.55868,-0.55998,-0.56114,-0.56216,-0.56304,-0.56378,-0.56438,-0.56484,-0.56516,-0.56534,-0.56538,-0.56528,-0.56505,-0.56468,-0.56417,-0.56353,-0.56275,-0.56184,-0.5608,-0.55962,-0.55831,-0.55686,-0.55529,-0.55359,-0.55175,-0.5498,-0.54771,-0.5455,-0.54316,-0.5407,-0.53811,-0.5354,-0.53258,-0.52963,-0.52657,-0.52338,-0.52009,-0.51667,-0.51315,-0.50951,-0.50576,-0.50191,-0.49794,-0.49387,-0.48969,-0.48541,-0.48103,-0.47655,-0.47197,-0.46729,-0.46252,-0.45765,-0.45269,-0.44764,-0.44249,-0.43727,-0.43195,-0.42655,-0.42107,-0.41551,-0.40987,-0.40415,-0.39836,-0.3925,-0.38656,-0.38055,-0.37448,-0.36833,-0.36213,-0.35586,-0.34954,-0.34315,-0.33671,-0.33021,-0.32366,-0.31706,-0.31041,-0.30372,-0.29698,-0.2902,-0.28338,-0.27651,-0.26962,-0.26269,-0.25572,-0.24873,-0.2417,-0.23465,-0.22758,-0.22049,-0.21337,-0.20624,-0.19909,-0.19192,-0.18474,-0.17756,-0.17036,-0.16317,-0.15596,-0.14876,-0.14155,-0.13435,-0.12715,-0.11996,-0.11277,-0.1056,-0.09844,-0.091294,-0.084163,-0.077051,-0.06996,-0.062891,-0.055845,-0.048826,-0.041836,-0.034875,-0.027946,-0.02105,-0.014191,-0.0073686,-0.00058592,0.0061556,0.012854,0.019508,0.026115,0.032673,0.039182,0.045638,0.052041,0.058389,0.064679,0.070911,0.077082,0.083192,0.089238,0.095218,0.10113,0.10698,0.11275,0.11846,0.12409,0.12965,0.13513,0.14053,0.14586,0.15111,0.15627,0.16135,0.16635,0.17127,0.17609,0.18083,0.18548,0.19005,0.19452,0.19889,0.20318,0.20737,0.21146,0.21546,0.21936,0.22317,0.22687,0.23047,0.23398,0.23738,0.24068,0.24387,0.24696,0.24995,0.25283,0.25561,0.25828,0.26084,0.26329,0.26564,0.26787,0.27,0.27202,0.27393,0.27572,0.27741,0.27898,0.28045,0.2818,0.28304,0.28417,0.28518,0.28609,0.28688,0.28756,0.28812,0.28858,0.28892,0.28915,0.28926,0.28927,0.28916,0.28894,0.28861,0.28817,0.28762,0.28695,0.28618,0.2853,0.2843,0.2832,0.28199,0.28067,0.27924,0.27771,0.27607,0.27432,0.27247,0.27052,0.26846,0.2663,0.26403,0.26166,0.2592,0.25663,0.25397,0.2512,0.24834,0.24538,0.24233,0.23919,0.23595,0.23262,0.22919,0.22568,0.22208,0.21839,0.21462,0.21076,0.20681,0.20279,0.19868,0.19449,0.19022,0.18588,0.18146,0.17696,0.17239,0.16775,0.16304,0.15826,0.15341,0.14849,0.14351,0.13847,0.13337,0.1282,0.12298,0.1177,0.11237,0.10698,0.10154,0.096052,0.090514,0.084929,0.079298,0.073624,0.067908,0.062152,0.056358,0.050527,0.044661,0.038762,0.032832,0.026873,0.020885,0.014872,0.0088346,0.0027748,-0.0033054,-0.0094044,-0.01552,-0.021651,-0.027795,-0.03395,-0.040115,-0.046288,-0.052466,-0.058649,-0.064833,-0.071018,-0.077201,-0.083381,-0.089555,-0.095723,-0.10188,-0.10803,-0.11416,-0.12028,-0.12639,-0.13247,-0.13854,-0.14459,-0.15061,-0.1566,-0.16257,-0.16851,-0.17442,-0.1803,-0.18614,-0.19194,-0.19771,-0.20344,-0.20913,-0.21477,-0.22037,-0.22593,-0.23143,-0.23689,-0.2423,-0.24765,-0.25295,-0.25819,-0.26337,-0.2685,-0.27356,-0.27856,-0.2835,-0.28837,-0.29318,-0.29791,-0.30258,-0.30718,-0.3117,-0.31615,-0.32052,-0.32482,-0.32904,-0.33318,-0.33723,-0.34121,-0.3451,-0.34891,-0.35264,-0.35627,-0.35982,-0.36328,-0.36665,-0.36993,-0.37311,-0.37621,-0.3792,-0.38211,-0.38491,-0.38762,-0.39023,-0.39274,-0.39516,-0.39747,-0.39968,-0.40178,-0.40379,-0.40569,-0.40748,-0.40917,-0.41076,-0.41224,-0.41361,-0.41487,-0.41603,-0.41708,-0.41802,-0.41885,-0.41957,-0.42018,-0.42068,-0.42107,-0.42134,-0.42151,-0.42157,-0.42151,-0.42134,-0.42106,-0.42067,-0.42016,-0.41955,-0.41882,-0.41798,-0.41702,-0.41596,-0.41478,-0.41349,-0.41209,-0.41058,-0.40896,-0.40722,-0.40538,-0.40342,-0.40136,-0.39918,-0.3969,-0.39451,-0.39201,-0.3894,-0.38669,-0.38386,-0.38094,-0.3779,-0.37476,-0.37152,-0.36818,-0.36473,-0.36118,-0.35753,-0.35378,-0.34993,-0.34598,-0.34193,-0.33778,-0.33354,-0.32921,-0.32478,-0.32026,-0.31564,-0.31094,-0.30615,-0.30126,-0.29629,-0.29124,-0.2861,-0.28087,-0.27557,-0.27018,-0.26471,-0.25916,-0.25354,-0.24784,-0.24206,-0.23621,-0.23029,-0.2243,-0.21824,-0.21211,-0.20592,-0.19966,-0.19334,-0.18696,-0.18052,-0.17402,-0.16746,-0.16085,-0.15419,-0.14747,-0.1407,-0.13389,-0.12702,-0.12012,-0.11316,-0.10617,-0.09914,-0.092069,-0.084962,-0.07782,-0.070645,-0.06344,-0.056205,-0.048942,-0.041654,-0.034341,-0.027007,-0.019653,-0.01228,-0.0048909,0.0025131,0.0099298,0.017357,0.024794,0.032238,0.039687,0.04714,0.054594,0.062048,0.0695,0.076948,0.08439,0.091824,0.099248,0.10666,0.11406,0.12144,0.12881,0.13616,0.14348,0.15079,0.15807,0.16532,0.17255,0.17974,0.1869,0.19403,0.20112,0.20818,0.21519,0.22217,0.2291,0.23599,0.24283,0.24962,0.25637,0.26306,0.2697,0.27628,0.28281,0.28928,0.29568,0.30203,0.30832,0.31453,0.32069,0.32677,0.33279,0.33873,0.3446,0.3504,0.35612,0.36176,0.36733,0.37281,0.37821,0.38354,0.38877,0.39392,0.39899,0.40396,0.40885,0.41364,0.41835,0.42296,0.42747,0.43189,0.43622,0.44044,0.44457,0.44859,0.45252,0.45634,0.46006,0.46368,0.46719,0.47059,0.47389,0.47708,0.48016,0.48313,0.486,0.48875,0.49139,0.49391,0.49633,0.49863,0.50081,0.50288,0.50484,0.50668,0.5084,0.51001,0.5115,0.51287,0.51412,0.51526,0.51627,0.51717,0.51795,0.5186,0.51914,0.51956,0.51986,0.52003,0.52009,0.52003,0.51985,0.51954,0.51912,0.51858,0.51791,0.51713,0.51623,0.51521,0.51406,0.5128,0.51143,0.50993,0.50831,0.50658,0.50473,0.50276,0.50068,0.49848,0.49617,0.49374,0.4912,0.48854,0.48577,0.48289,0.4799,0.4768,0.47359,0.47026,0.46683,0.4633,0.45966,0.45591,0.45205,0.4481,0.44404,0.43988,0.43562,0.43126,0.4268,0.42224,0.41759,0.41284,0.408,0.40307,0.39804,0.39293,0.38773,0.38244,0.37706,0.3716,0.36606,0.36043,0.35473,0.34894,0.34308,0.33714,0.33113,0.32504,0.31889,0.31266,0.30637,0.30001,0.29358,0.28709,0.28054,0.27393,0.26726,0.26053,0.25375,0.24692,0.24004,0.2331,0.22612,0.21909,0.21202,0.2049,0.19775,0.19055,0.18332,0.17606,0.16876,0.16143,0.15407,0.14668,0.13927,0.13183,0.12437,0.11689,0.1094,0.10189,0.094359,0.086821,0.079272,0.071715,0.064153,0.056585,0.049016,0.041445,0.033877,0.026312,0.018752,0.0112,0.0036571,-0.0038745,-0.011393,-0.018896,-0.026382,-0.033849,-0.041295,-0.048718,-0.056116,-0.063487,-0.07083,-0.078142,-0.085421,-0.092667,-0.099876,-0.10705,-0.11418,-0.12127,-0.12831,-0.13531,-0.14226,-0.14917,-0.15602,-0.16282,-0.16956,-0.17625,-0.18288,-0.18946,-0.19597,-0.20241,-0.2088,-0.21511,-0.22136,-0.22754,-0.23364,-0.23968,-0.24563,-0.25152,-0.25732,-0.26305,-0.2687,-0.27426,-0.27974,-0.28513,-0.29044,-0.29566,-0.30079,-0.30584,-0.31079,-0.31564,-0.3204,-0.32507,-0.32964,-0.33411,-0.33848,-0.34275,-0.34693,-0.35099,-0.35496,-0.35882,-0.36257,-0.36622,-0.36976,-0.37319,-0.37651,-0.37972,-0.38282,-0.3858,-0.38868,-0.39144,-0.39409,-0.39662,-0.39903,-0.40133,-0.40352,-0.40558,-0.40753,-0.40936,-0.41106,-0.41265,-0.41412,-0.41547,-0.4167,-0.41781,-0.41879,-0.41966,-0.4204,-0.42102,-0.42152,-0.42189,-0.42215,-0.42228,-0.42229,-0.42217,-0.42193,-0.42157,-0.42109,-0.42049,-0.41976,-0.41891,-0.41794,-0.41685,-0.41563,-0.4143,-0.41284,-0.41127,-0.40957,-0.40776,-0.40582,-0.40377,-0.4016,-0.39931,-0.39691,-0.39439,-0.39175,-0.389,-0.38614,-0.38316,-0.38007,-0.37686,-0.37355,-0.37013,-0.3666,-0.36296,-0.35921,-0.35536,-0.3514,-0.34733,-0.34317,-0.3389,-0.33453,-0.33006,-0.3255,-0.32083,-0.31607,-0.31122,-0.30627,-0.30123,-0.2961,-0.29088,-0.28557,-0.28017,-0.27469,-0.26913,-0.26348,-0.25776,-0.25195,-0.24607,-0.24011,-0.23407,-0.22797,-0.22179,-0.21554,-0.20922,-0.20284,-0.19639,-0.18989,-0.18332,-0.17669,-0.17,-0.16326,-0.15646,-0.14961,-0.14272,-0.13577,-0.12878,-0.12174,-0.11466,-0.10754,-0.10038,-0.093187,-0.085957,-0.078694,-0.071401,-0.064078,-0.056729,-0.049355,-0.041958,-0.034541,-0.027105,-0.019652,-0.012184,-0.0047045,0.002786,0.010285,0.01779,0.0253,0.032812,0.040324,0.047834,0.05534,0.06284,0.070332,0.077813,0.085282,0.092737,0.10018,0.10759,0.11499,0.12237,0.12972,0.13705,0.14434,0.15161,0.15884,0.16603,0.17319,0.18031,0.18739,0.19443,0.20142,0.20836,0.21526,0.2221,0.22889,0.23563,0.2423,0.24892,0.25548,0.26198,0.26841,0.27477,0.28107,0.2873,0.29345,0.29953,0.30554,0.31146,0.31731,0.32308,0.32876,0.33436,0.33988,0.34531,0.35064,0.35589,0.36105,0.36611,0.37107,0.37594,0.38071,0.38538,0.38994,0.39441,0.39877,0.40302,0.40717,0.41121,0.41514,0.41896,0.42266,0.42625,0.42973,0.43309,0.43634,0.43947,0.44247,0.44536,0.44813,0.45077,0.45329,0.45569,0.45796,0.4601,0.46212,0.46401,0.46578,0.46741,0.46891,0.47029,0.47153,0.47264,0.47362,0.47446,0.47518,0.47576,0.4762,0.47651,0.47668,0.47672,0.47663,0.4764,0.47603,0.47552,0.47488,0.4741,0.47319,0.47214,0.47095,0.46962,0.46816,0.46656,0.46483,0.46295,0.46095,0.4588,0.45652,0.45411,0.45155,0.44887,0.44605,0.44309,0.44001,0.43679,0.43343,0.42995,0.42633,0.42258,0.41871,0.4147,0.41056,0.4063,0.40191,0.3974,0.39275,0.38799,0.3831,0.37809,0.37295,0.3677,0.36233,0.35684,0.35123,0.34551,0.33967,0.33371,0.32765,0.32148,0.31519,0.3088,0.3023,0.29569,0.28898,0.28217,0.27526,0.26825,0.26114,0.25393,0.24663,0.23923,0.23175,0.22417,0.21651,0.20876,0.20093,0.19301,0.18501,0.17693,0.16878,0.16055,0.15224,0.14387,0.13543,0.12691,0.11834,0.10969,0.10099,0.092228,0.083408,0.074533,0.065604,0.056624,0.047595,0.038519,0.029398,0.020235,0.011031,0.0017892,-0.0074886,-0.0168,-0.026143,-0.035515,-0.044914,-0.054338,-0.063784,-0.07325,-0.082734,-0.092234,-0.10175,-0.11127,-0.1208,-0.13034,-0.13988,-0.14942,-0.15897,-0.1685,-0.17804,-0.18756,-0.19708,-0.20658,-0.21606,-0.22553,-0.23498,-0.24441,-0.25381,-0.26318,-0.27253,-0.28184,-0.29112,-0.30037,-0.30957,-0.31873,-0.32785,-0.33692,-0.34595,-0.35492,-0.36384,-0.37271,-0.38152,-0.39027,-0.39895,-0.40758,-0.41613,-0.42462,-0.43304,-0.44138,-0.44965,-0.45783,-0.46594,-0.47397,-0.48192,-0.48977,-0.49754,-0.50522,-0.51281,-0.5203,-0.52769,-0.53499,-0.54219,-0.54928,-0.55627,-0.56315,-0.56993,-0.57659,-0.58314,-0.58958,-0.5959,-0.60211,-0.60819,-0.61416,-0.62,-0.62572,-0.63131,-0.63677,-0.64211,-0.64731,-0.65238,-0.65732,-0.66212,-0.66678,-0.67131,-0.6757,-0.67994,-0.68405,-0.68801,-0.69182,-0.69549,-0.69902,-0.70239,-0.70561,-0.70869,-0.71161,-0.71437,-0.71699,-0.71945,-0.72175,-0.7239,-0.72589,-0.72772,-0.72939,-0.73091,-0.73226,-0.73345,-0.73448,-0.73535,-0.73605,-0.73659,-0.73697,-0.73718,-0.73722,-0.73711,-0.73682,-0.73637,-0.73576,-0.73497,-0.73402,-0.73291,-0.73163,-0.73018,-0.72856,-0.72678,-0.72483,-0.72271,-0.72043,-0.71798,-0.71536,-0.71258,-0.70964,-0.70652,-0.70325,-0.69981,-0.6962,-0.69243,-0.6885,-0.68441,-0.68015,-0.67573,-0.67115,-0.66642,-0.66152,-0.65647,-0.65125,-0.64588,-0.64036,-0.63468,-0.62885,-0.62286,-0.61673,-0.61044,-0.604,-0.59742,-0.59069,-0.58381,-0.57679,-0.56963,-0.56232,-0.55487,-0.54729,-0.53956,-0.53171,-0.52371,-0.51559,-0.50733,-0.49894,-0.49043,-0.48179,-0.47302,-0.46413,-0.45512,-0.446,-0.43675,-0.42739,-0.41791,-0.40833,-0.39863,-0.38883,-0.37892,-0.3689,-0.35879,-0.34857,-0.33826,-0.32785,-0.31735,-0.30676,-0.29608,-0.28532,-0.27447,-0.26354,-0.25252,-0.24144,-0.23027,-0.21904,-0.20773,-0.19636,-0.18492,-0.17342,-0.16186,-0.15024,-0.13856,-0.12684,-0.11506,-0.10324,-0.091366,-0.079453,-0.067501,-0.055511,-0.043487,-0.03143,-0.019344,-0.0072316,0.0049053,0.017064,0.029241,0.041434,0.053641,0.065858,0.078084,0.090314,0.10255,0.11478,0.12701,0.13924,0.15145,0.16366,0.17585,0.18803,0.20018,0.21232,0.22443,0.23651,0.24856,0.26058,0.27257,0.28451,0.29642,0.30828,0.3201,0.33186,0.34358,0.35524,0.36685,0.37839,0.38987,0.40129,0.41264,0.42392,0.43513,0.44626,0.45732,0.46829,0.47919,0.48999,0.50071,0.51134,0.52188,0.53232,0.54266,0.55291,0.56305,0.57309,0.58302,0.59284,0.60255,0.61214,0.62162,0.63098,0.64022,0.64934,0.65833,0.6672,0.67593,0.68454,0.69301,0.70135,0.70955,0.71761,0.72553,0.73331,0.74094,0.74843,0.75576,0.76295,0.76999,0.77687,0.78359,0.79016,0.79657,0.80282,0.80891,0.81484,0.8206,0.82619,0.83162,0.83688,0.84197,0.84689,0.85163,0.8562,0.8606,0.86481,0.86886,0.87272,0.8764,0.87991,0.88323,0.88637,0.88933,0.8921,0.89469,0.89709,0.89931,0.90134,0.90318,0.90484,0.9063,0.90758,0.90867,0.90957,0.91028,0.9108,0.91112,0.91126,0.9112,0.91096,0.91052,0.90989,0.90907,0.90806,0.90686,0.90546,0.90387,0.9021,0.90013,0.89797,0.89562,0.89308,0.89036,0.88744,0.88434,0.88104,0.87756,0.8739,0.87004,0.866,0.86178,0.85737,0.85278,0.84801,0.84306,0.83793,0.83261,0.82712,0.82145,0.81561,0.80959,0.8034,0.79703,0.7905,0.78379,0.77691,0.76987,0.76266,0.75529,0.74776,0.74006,0.7322,0.72419,0.71602,0.70769,0.69921,0.69058,0.6818,0.67288,0.6638,0.65459,0.64523,0.63573,0.62609,0.61632,0.60641,0.59637,0.5862,0.5759,0.56548,0.55493,0.54427,0.53348,0.52258,0.51156,0.50043,0.48919,0.47785,0.46639,0.45484,0.44319,0.43144,0.41959,0.40765,0.39562,0.38351,0.37131,0.35902,0.34666,0.33422,0.32171,0.30913,0.29647,0.28375,0.27097,0.25812,0.24522,0.23226,0.21925,0.2062,0.19309,0.17994,0.16675,0.15352,0.14025,0.12696,0.11363,0.10027,0.086896,0.073497,0.06008,0.046647,0.033202,0.019747,0.0062854,-0.0071797,-0.020646,-0.034109,-0.047568,-0.061019,-0.074459,-0.087885,-0.10129,-0.11469,-0.12805,-0.1414,-0.15471,-0.16799,-0.18124,-0.19445,-0.20763,-0.22076,-0.23384,-0.24688,-0.25986,-0.27279,-0.28567,-0.29848,-0.31124,-0.32393,-0.33655,-0.3491,-0.36157,-0.37397,-0.3863,-0.39854,-0.41069,-0.42277,-0.43475,-0.44664,-0.45843,-0.47013,-0.48173,-0.49323,-0.50462,-0.51591,-0.52708,-0.53815,-0.5491,-0.55994,-0.57065,-0.58125,-0.59172,-0.60206,-0.61228,-0.62237,-0.63232,-0.64215,-0.65183,-0.66138,-0.67078,-0.68004,-0.68916,-0.69813,-0.70696,-0.71563,-0.72415,-0.73251,-0.74072,-0.74878,-0.75667,-0.7644,-0.77197,-0.77937,-0.78661,-0.79368,-0.80058,-0.80731,-0.81387,-0.82026,-0.82647,-0.8325,-0.83836,-0.84404,-0.84954,-0.85486,-0.85999,-0.86495,-0.86972,-0.8743,-0.8787,-0.88291,-0.88693,-0.89077,-0.89441,-0.89787,-0.90113,-0.9042,-0.90708,-0.90977,-0.91226,-0.91456,-0.91667,-0.91858,-0.9203,-0.92182,-0.92314,-0.92427,-0.9252,-0.92594,-0.92648,-0.92683,-0.92697,-0.92692,-0.92668,-0.92624,-0.9256,-0.92477,-0.92374,-0.92251,-0.92109,-0.91948,-0.91767,-0.91567,-0.91348,-0.91109,-0.90851,-0.90574,-0.90277,-0.89962,-0.89628,-0.89275,-0.88903,-0.88513,-0.88104,-0.87676,-0.8723,-0.86766,-0.86283,-0.85783,-0.85264,-0.84728,-0.84174,-0.83602,-0.83013,-0.82406,-0.81783,-0.81142,-0.80484,-0.7981,-0.79119,-0.78412,-0.77688,-0.76948,-0.76193,-0.75421,-0.74634,-0.73832,-0.73014,-0.72181,-0.71334,-0.70471,-0.69594,-0.68703,-0.67798,-0.66879,-0.65946,-0.65,-0.64041,-0.63068,-0.62083,-0.61085,-0.60075,-0.59052,-0.58018,-0.56972,-0.55914,-0.54845,-0.53766,-0.52675,-0.51574,-0.50463,-0.49341,-0.4821,-0.4707,-0.4592,-0.44761,-0.43593,-0.42417,-0.41232,-0.4004,-0.3884,-0.37632,-0.36418,-0.35196,-0.33968,-0.32733,-0.31492,-0.30245,-0.28993,-0.27736,-0.26473,-0.25206,-0.23934,-0.22658,-0.21378,-0.20095,-0.18808,-0.17518,-0.16225,-0.1493,-0.13633,-0.12333,-0.11032,-0.097299,-0.084263,-0.07122,-0.058171,-0.04512,-0.032069,-0.019021,-0.0059792,0.0070541,0.020076,0.033083,0.046074,0.059044,0.071992,0.084915,0.097809,0.11067,0.1235,0.1363,0.14905,0.16176,0.17443,0.18705,0.19962,0.21214,0.2246,0.23701,0.24935,0.26163,0.27385,0.286,0.29807,0.31008,0.322,0.33385,0.34562,0.35731,0.36891,0.38042,0.39184,0.40317,0.4144,0.42554,0.43657,0.44751,0.45834,0.46906,0.47968,0.49018,0.50057,0.51085,0.521,0.53104,0.54096,0.55076,0.56043,0.56997,0.57938,0.58867,0.59782,0.60683,0.61571,0.62445,0.63305,0.64151,0.64983,0.658,0.66603,0.67391,0.68164,0.68921,0.69664,0.70391,0.71103,0.71799,0.72479,0.73144,0.73792,0.74425,0.75041,0.7564,0.76224,0.7679,0.77341,0.77874,0.7839,0.7889,0.79373,0.79838,0.80286,0.80717,0.81131,0.81528,0.81907,0.82268,0.82612,0.82939,0.83247,0.83539,0.83812,0.84068,0.84306,0.84526,0.84728,0.84913,0.8508,0.85229,0.8536,0.85473,0.85569,0.85646,0.85706,0.85748,0.85773,0.85779,0.85768,0.8574,0.85693,0.85629,0.85548,0.85449,0.85333,0.85199,0.85048,0.84879,0.84694,0.84491,0.84271,0.84035,0.83781,0.83511,0.83224,0.8292,0.826,0.82264,0.81911,0.81542,0.81157,0.80756,0.80339,0.79906,0.79458,0.78995,0.78516,0.78022,0.77512,0.76988,0.7645,0.75896,0.75328,0.74746,0.7415,0.73539,0.72915,0.72278,0.71626,0.70962,0.70284,0.69593,0.6889,0.68174,0.67446,0.66705,0.65952,0.65188,0.64412,0.63624,0.62826,0.62016,0.61195,0.60364,0.59523,0.58671,0.57809,0.56937,0.56056,0.55166,0.54266,0.53358,0.52441,0.51515,0.50582,0.4964,0.4869,0.47733,0.46769,0.45798,0.4482,0.43835,0.42844,0.41847,0.40844,0.39835,0.38821,0.37802,0.36778,0.35749,0.34716,0.33678,0.32637,0.31592,0.30544,0.29492,0.28438,0.27381,0.26321,0.25259,0.24196,0.2313,0.22063,0.20995,0.19926,0.18856,0.17786,0.16716,0.15645,0.14575,0.13505,0.12436,0.11368,0.10301,0.092362,0.081726,0.07111,0.060517,0.049947,0.039404,0.02889,0.018408,0.0079587,-0.0024541,-0.012829,-0.023163,-0.033454,-0.0437,-0.053898,-0.064047,-0.074144,-0.084187,-0.094174,-0.1041,-0.11397,-0.12378,-0.13352,-0.14319,-0.1528,-0.16233,-0.17179,-0.18118,-0.19049,-0.19972,-0.20887,-0.21794,-0.22692,-0.23582,-0.24463,-0.25335,-0.26197,-0.27051,-0.27895,-0.28729,-0.29553,-0.30367,-0.31171,-0.31965,-0.32748,-0.33521,-0.34282,-0.35033,-0.35773,-0.36501,-0.37218,-0.37924,-0.38618,-0.393,-0.3997,-0.40629,-0.41275,-0.41909,-0.4253,-0.43139,-0.43736,-0.44319,-0.4489,-0.45448,-0.45994,-0.46526,-0.47045,-0.4755,-0.48043,-0.48522,-0.48987,-0.49439,-0.49878,-0.50302,-0.50713,-0.51111,-0.51494,-0.51864,-0.5222,-0.52561,-0.52889,-0.53203,-0.53503,-0.53788,-0.5406,-0.54317,-0.54561,-0.5479,-0.55005,-0.55206,-0.55393,-0.55565,-0.55724,-0.55868,-0.55998,-0.56114,-0.56216,-0.56304,-0.56378,-0.56438,-0.56484,-0.56516,-0.56534,-0.56538,-0.56528,-0.56505,-0.56468,-0.56417,-0.56353,-0.56275,-0.56184,-0.5608,-0.55962,-0.55831,-0.55686,-0.55529,-0.55359,-0.55175,-0.5498,-0.54771,-0.5455,-0.54316,-0.5407,-0.53811,-0.5354,-0.53258,-0.52963,-0.52657,-0.52338,-0.52009,-0.51667,-0.51315,-0.50951,-0.50576,-0.50191,-0.49794,-0.49387,-0.48969,-0.48541,-0.48103,-0.47655,-0.47197,-0.46729,-0.46252,-0.45765,-0.45269,-0.44764,-0.44249,-0.43727,-0.43195,-0.42655,-0.42107,-0.41551,-0.40987,-0.40415,-0.39836,-0.3925,-0.38656,-0.38055,-0.37448,-0.36833,-0.36213,-0.35586,-0.34954,-0.34315,-0.33671,-0.33021,-0.32366,-0.31706,-0.31041,-0.30372,-0.29698,-0.2902,-0.28338,-0.27651,-0.26962,-0.26269,-0.25572,-0.24873,-0.2417,-0.23465,-0.22758,-0.22049,-0.21337,-0.20624,-0.19909,-0.19192,-0.18474,-0.17756,-0.17036,-0.16317,-0.15596,-0.14876,-0.14155,-0.13435,-0.12715,-0.11996,-0.11277,-0.1056,-0.09844,-0.091294,-0.084163,-0.077051,-0.06996,-0.062891,-0.055845,-0.048826,-0.041836,-0.034875,-0.027946,-0.02105,-0.014191,-0.0073686,-0.00058592,0.0061556,0.012854,0.019508,0.026115,0.032673,0.039182,0.045638,0.052041,0.058389,0.064679,0.070911,0.077082,0.083192,0.089238,0.095218,0.10113,0.10698,0.11275,0.11846,0.12409,0.12965,0.13513,0.14053,0.14586,0.15111,0.15627,0.16135,0.16635,0.17127,0.17609,0.18083,0.18548,0.19005,0.19452,0.19889,0.20318,0.20737,0.21146,0.21546,0.21936,0.22317,0.22687,0.23047,0.23398,0.23738,0.24068,0.24387,0.24696,0.24995,0.25283,0.25561,0.25828,0.26084,0.26329,0.26564,0.26787,0.27,0.27202,0.27393,0.27572,0.27741,0.27898,0.28045,0.2818,0.28304,0.28417,0.28518,0.28609,0.28688,0.28756,0.28812,0.28858,0.28892,0.28915,0.28926,0.28927,0.28916,0.28894,0.28861,0.28817,0.28762,0.28695,0.28618,0.2853,0.2843,0.2832,0.28199,0.28067,0.27924,0.27771,0.27607,0.27432,0.27247,0.27052,0.26846,0.2663,0.26403,0.26166,0.2592,0.25663,0.25397,0.2512,0.24834,0.24538,0.24233,0.23919,0.23595,0.23262,0.22919,0.22568,0.22208,0.21839,0.21462,0.21076,0.20681,0.20279,0.19868,0.19449,0.19022,0.18588,0.18146,0.17696,0.17239,0.16775,0.16304,0.15826,0.15341,0.14849,0.14351,0.13847,0.13337,0.1282,0.12298,0.1177,0.11237,0.10698,0.10154,0.096052,0.090514,0.084929,0.079298,0.073624,0.067908,0.062152,0.056358,0.050527,0.044661,0.038762,0.032832,0.026873,0.020885,0.014872,0.0088346,0.0027748,-0.0033054,-0.0094044,-0.01552,-0.021651,-0.027795,-0.03395,-0.040115,-0.046288,-0.052466,-0.058649,-0.064833,-0.071018,-0.077201,-0.083381,-0.089555,-0.095723,-0.10188,-0.10803,-0.11416,-0.12028,-0.12639,-0.13247,-0.13854,-0.14459,-0.15061,-0.1566,-0.16257,-0.16851,-0.17442,-0.1803,-0.18614,-0.19194,-0.19771,-0.20344,-0.20913,-0.21477,-0.22037,-0.22593,-0.23143,-0.23689,-0.2423,-0.24765,-0.25295,-0.25819,-0.26337,-0.2685,-0.27356,-0.27856,-0.2835,-0.28837,-0.29318,-0.29791,-0.30258,-0.30718,-0.3117,-0.31615,-0.32052,-0.32482,-0.32904,-0.33318,-0.33723,-0.34121,-0.3451,-0.34891,-0.35264,-0.35627,-0.35982,-0.36328,-0.36665,-0.36993,-0.37311,-0.37621,-0.3792,-0.38211,-0.38491,-0.38762,-0.39023,-0.39274,-0.39516,-0.39747,-0.39968,-0.40178,-0.40379,-0.40569,-0.40748,-0.40917,-0.41076,-0.41224,-0.41361,-0.41487,-0.41603,-0.41708,-0.41802,-0.41885,-0.41957,-0.42018,-0.42068,-0.42107,-0.42134,-0.42151,-0.42157,-0.42151,-0.42134,-0.42106,-0.42067,-0.42016,-0.41955,-0.41882,-0.41798,-0.41702,-0.41596,-0.41478,-0.41349,-0.41209,-0.41058,-0.40896,-0.40722,-0.40538,-0.40342,-0.40136,-0.39918,-0.3969,-0.39451,-0.39201,-0.3894,-0.38669,-0.38386,-0.38094,-0.3779,-0.37476,-0.37152,-0.36818,-0.36473,-0.36118,-0.35753,-0.35378,-0.34993,-0.34598,-0.34193,-0.33778,-0.33354,-0.32921,-0.32478,-0.32026,-0.31564,-0.31094,-0.30615,-0.30126,-0.29629,-0.29124,-0.2861,-0.28087,-0.27557,-0.27018,-0.26471,-0.25916,-0.25354,-0.24784,-0.24206,-0.23621,-0.23029,-0.2243,-0.21824,-0.21211,-0.20592,-0.19966,-0.19334,-0.18696,-0.18052,-0.17402,-0.16746,-0.16085,-0.15419,-0.14747,-0.1407,-0.13389,-0.12702,-0.12012,-0.11316,-0.10617,-0.09914,-0.092069,-0.084962,-0.07782,-0.070645,-0.06344,-0.056205,-0.048942,-0.041654,-0.034341,-0.027007,-0.019653,-0.01228,-0.0048909,0.0025131,0.0099298,0.017357,0.024794,0.032238,0.039687,0.04714,0.054594,0.062048,0.0695,0.076948,0.08439,0.091824,0.099248,0.10666,0.11406,0.12144,0.12881,0.13616,0.14348,0.15079,0.15807,0.16532,0.17255,0.17974,0.1869,0.19403,0.20112,0.20818,0.21519,0.22217,0.2291,0.23599,0.24283,0.24962,0.25637,0.26306,0.2697,0.27628,0.28281,0.28928,0.29568,0.30203,0.30832,0.31453,0.32069,0.32677,0.33279,0.33873,0.3446,0.3504,0.35612,0.36176,0.36733,0.37281,0.37821,0.38354,0.38877,0.39392,0.39899,0.40396,0.40885,0.41364,0.41835,0.42296,0.42747,0.43189,0.43622,0.44044,0.44457,0.44859,0.45252,0.45634,0.46006,0.46368,0.46719,0.47059,0.47389,0.47708,0.48016,0.48313,0.486,0.48875,0.49139,0.49391,0.49633,0.49863,0.50081,0.50288,0.50484,0.50668,0.5084,0.51001,0.5115,0.51287,0.51412,0.51526,0.51627,0.51717,0.51795,0.5186,0.51914,0.51956,0.51986,0.52003,0.52009,0.52003,0.51985,0.51954,0.51912,0.51858,0.51791,0.51713,0.51623,0.51521,0.51406,0.5128,0.51143,0.50993,0.50831,0.50658,0.50473,0.50276,0.50068,0.49848,0.49617,0.49374,0.4912,0.48854,0.48577,0.48289,0.4799,0.4768,0.47359,0.47026,0.46683,0.4633,0.45966,0.45591,0.45205,0.4481,0.44404,0.43988,0.43562,0.43126,0.4268,0.42224,0.41759,0.41284,0.408,0.40307,0.39804,0.39293,0.38773,0.38244,0.37706,0.3716,0.36606,0.36043,0.35473,0.34894,0.34308,0.33714,0.33113,0.32504,0.31889,0.31266,0.30637,0.30001,0.29358,0.28709,0.28054,0.27393,0.26726,0.26053,0.25375,0.24692,0.24004,0.2331,0.22612,0.21909,0.21202,0.2049,0.19775,0.19055,0.18332,0.17606,0.16876,0.16143,0.15407,0.14668,0.13927,0.13183,0.12437,0.11689,0.1094,0.10189,0.094359,0.086821,0.079272,0.071715,0.064153,0.056585,0.049016,0.041445,0.033877,0.026312,0.018752,0.0112,0.0036571,-0.0038745,-0.011393,-0.018896,-0.026382,-0.033849,-0.041295,-0.048718,-0.056116,-0.063487,-0.07083,-0.078142,-0.085421,-0.092667,-0.099876,-0.10705,-0.11418,-0.12127,-0.12831,-0.13531,-0.14226,-0.14917,-0.15602,-0.16282,-0.16956,-0.17625,-0.18288,-0.18946,-0.19597,-0.20241,-0.2088,-0.21511,-0.22136,-0.22754,-0.23364,-0.23968,-0.24563,-0.25152,-0.25732,-0.26305,-0.2687,-0.27426,-0.27974,-0.28513,-0.29044,-0.29566,-0.30079,-0.30584,-0.31079,-0.31564,-0.3204,-0.32507,-0.32964,-0.33411,-0.33848,-0.34275,-0.34693,-0.35099,-0.35496,-0.35882,-0.36257,-0.36622,-0.36976,-0.37319,-0.37651,-0.37972,-0.38282,-0.3858,-0.38868,-0.39144,-0.39409,-0.39662,-0.39903,-0.40133,-0.40352,-0.40558,-0.40753,-0.40936,-0.41106,-0.41265,-0.41412,-0.41547,-0.4167,-0.41781,-0.41879,-0.41966,-0.4204,-0.42102,-0.42152,-0.42189,-0.42215,-0.42228,-0.42229,-0.42217,-0.42193,-0.42157,-0.42109,-0.42049,-0.41976,-0.41891,-0.41794,-0.41685,-0.41563,-0.4143,-0.41284,-0.41127,-0.40957,-0.40776,-0.40582,-0.40377,-0.4016,-0.39931,-0.39691,-0.39439,-0.39175,-0.389,-0.38614,-0.38316,-0.38007,-0.37686,-0.37355,-0.37013,-0.3666,-0.36296,-0.35921,-0.35536,-0.3514,-0.34733,-0.34317,-0.3389,-0.33453,-0.33006,-0.3255,-0.32083,-0.31607,-0.31122,-0.30627,-0.30123,-0.2961,-0.29088,-0.28557,-0.28017,-0.27469,-0.26913,-0.26348,-0.25776,-0.25195,-0.24607,-0.24011,-0.23407,-0.22797,-0.22179,-0.21554,-0.20922,-0.20284,-0.19639,-0.18989,-0.18332,-0.17669,-0.17,-0.16326,-0.15646,-0.14961,-0.14272,-0.13577,-0.12878,-0.12174,-0.11466,-0.10754,-0.10038,-0.093187,-0.085957,-0.078694,-0.071401,-0.064078,-0.056729,-0.049355,-0.041958,-0.034541,-0.027105,-0.019652,-0.012184,-0.0047045,0.002786,0.010285,0.01779,0.0253,0.032812,0.040324,0.047834,0.05534,0.06284,0.070332,0.077813,0.085282,0.092737,0.10018,0.10759,0.11499,0.12237,0.12972,0.13705,0.14434,0.15161,0.15884,0.16603,0.17319,0.18031,0.18739,0.19443,0.20142,0.20836,0.21526,0.2221,0.22889,0.23563,0.2423,0.24892,0.25548,0.26198,0.26841,0.27477,0.28107,0.2873,0.29345,0.29953,0.30554,0.31146,0.31731,0.32308,0.32876,0.33436,0.33988,0.34531,0.35064,0.35589,0.36105,0.36611,0.37107,0.37594,0.38071,0.38538,0.38994,0.39441,0.39877,0.40302,0.40717,0.41121,0.41514,0.41896,0.42266,0.42625,0.42973,0.43309,0.43634,0.43947,0.44247,0.44536,0.44813,0.45077,0.45329,0.45569,0.45796,0.4601,0.46212,0.46401,0.46578,0.46741,0.46891,0.47029,0.47153,0.47264,0.47362,0.47446,0.47518,0.47576,0.4762,0.47651,0.47668,0.47672,0.47663,0.4764,0.47603,0.47552,0.47488,0.4741,0.47319,0.47214,0.47095,0.46962,0.46816,0.46656,0.46483,0.46295,0.46095,0.4588,0.45652,0.45411,0.45155,0.44887,0.44605,0.44309,0.44001,0.43679,0.43343,0.42995,0.42633,0.42258,0.41871,0.4147,0.41056,0.4063,0.40191,0.3974,0.39275,0.38799,0.3831,0.37809,0.37295,0.3677,0.36233,0.35684,0.35123,0.34551,0.33967,0.33371,0.32765,0.32148,0.31519,0.3088,0.3023,0.29569,0.28898,0.28217,0.27526,0.26825,0.26114,0.25393,0.24663,0.23923,0.23175,0.22417,0.21651,0.20876,0.20093,0.19301,0.18501,0.17693,0.16878,0.16055,0.15224,0.14387,0.13543,0.12691,0.11834,0.10969,0.10099,0.092228,0.083408,0.074533,0.065604,0.056624,0.047595,0.038519,0.029398,0.020235,0.011031,0.0017892,-0.0074886,-0.0168,-0.026143,-0.035515,-0.044914,-0.054338,-0.063784,-0.07325,-0.082734,-0.092234,-0.10175,-0.11127,-0.1208,-0.13034,-0.13988,-0.14942,-0.15897,-0.1685,-0.17804,-0.18756,-0.19708,-0.20658,-0.21606,-0.22553,-0.23498,-0.24441,-0.25381,-0.26318,-0.27253,-0.28184,-0.29112,-0.30037,-0.30957,-0.31873,-0.32785,-0.33692,-0.34595,-0.35492,-0.36384,-0.37271,-0.38152,-0.39027,-0.39895,-0.40758,-0.41613,-0.42462,-0.43304,-0.44138,-0.44965,-0.45783,-0.46594,-0.47397,-0.48192,-0.48977,-0.49754,-0.50522,-0.51281,-0.5203,-0.52769,-0.53499,-0.54219,-0.54928,-0.55627,-0.56315,-0.56993,-0.57659,-0.58314,-0.58958,-0.5959,-0.60211,-0.60819,-0.61416,-0.62,-0.62572,-0.63131,-0.63677,-0.64211,-0.64731,-0.65238,-0.65732,-0.66212,-0.66678,-0.67131,-0.6757,-0.67994,-0.68405,-0.68801,-0.69182,-0.69549,-0.69902,-0.70239,-0.70561,-0.70869,-0.71161,-0.71437,-0.71699,-0.71945,-0.72175,-0.7239,-0.72589,-0.72772,-0.72939,-0.73091,-0.73226,-0.73345,-0.73448,-0.73535,-0.73605,-0.73659,-0.73697,-0.73718,-0.73722,-0.73711,-0.73682,-0.73637,-0.73576,-0.73497,-0.73402,-0.73291,-0.73163,-0.73018,-0.72856,-0.72678,-0.72483,-0.72271,-0.72043,-0.71798,-0.71536,-0.71258,-0.70964,-0.70652,-0.70325,-0.69981,-0.6962,-0.69243,-0.6885,-0.68441,-0.68015,-0.67573,-0.67115,-0.66642,-0.66152,-0.65647,-0.65125,-0.64588,-0.64036,-0.63468,-0.62885,-0.62286,-0.61673,-0.61044,-0.604,-0.59742,-0.59069,-0.58381,-0.57679,-0.56963,-0.56232,-0.55487,-0.54729,-0.53956,-0.53171,-0.52371,-0.51559,-0.50733,-0.49894,-0.49043,-0.48179,-0.47302,-0.46413,-0.45512,-0.446,-0.43675,-0.42739,-0.41791,-0.40833,-0.39863,-0.38883,-0.37892,-0.3689,-0.35879,-0.34857,-0.33826,-0.32785,-0.31735,-0.30676,-0.29608,-0.28532,-0.27447,-0.26354,-0.25252,-0.24144,-0.23027,-0.21904,-0.20773,-0.19636,-0.18492,-0.17342,-0.16186,-0.15024,-0.13856,-0.12684,-0.11506,-0.10324,-0.091366,-0.079453,-0.067501,-0.055511,-0.043487,-0.03143,-0.019344,-0.0072316,0.0049053,0.017064,0.029241,0.041434,0.053641,0.065858,0.078084,0.090314,0.10255,0.11478,0.12701,0.13924,0.15145,0.16366,0.17585,0.18803,0.20018,0.21232,0.22443,0.23651,0.24856,0.26058,0.27257,0.28451,0.29642,0.30828,0.3201,0.33186,0.34358,0.35524,0.36685,0.37839,0.38987,0.40129,0.41264,0.42392,0.43513,0.44626,0.45732,0.46829,0.47919,0.48999,0.50071,0.51134,0.52188,0.53232,0.54266,0.55291,0.56305,0.57309,0.58302,0.59284,0.60255,0.61214,0.62162,0.63098,0.64022,0.64934,0.65833,0.6672,0.67593,0.68454,0.69301,0.70135,0.70955,0.71761,0.72553,0.73331,0.74094,0.74843,0.75576,0.76295,0.76999,0.77687,0.78359,0.79016,0.79657,0.80282,0.80891,0.81484,0.8206,0.82619,0.83162,0.83688,0.84197,0.84689,0.85163,0.8562,0.8606,0.86481,0.86886,0.87272,0.8764,0.87991,0.88323,0.88637,0.88933,0.8921,0.89469,0.89709,0.89931,0.90134,0.90318,0.90484,0.9063,0.90758,0.90867,0.90957,0.91028,0.9108,0.91112,0.91126,0.9112,0.91096,0.91052,0.90989,0.90907,0.90806,0.90686,0.90546,0.90387,0.9021,0.90013,0.89797,0.89562,0.89308,0.89036,0.88744,0.88434,0.88104,0.87756,0.8739,0.87004,0.866,0.86178,0.85737,0.85278,0.84801,0.84306,0.83793,0.83261,0.82712,0.82145,0.81561,0.80959,0.8034,0.79703,0.7905,0.78379,0.77691,0.76987,0.76266,0.75529,0.74776,0.74006,0.7322,0.72419,0.71602,0.70769,0.69921,0.69058,0.6818,0.67288,0.6638,0.65459,0.64523,0.63573,0.62609,0.61632,0.60641,0.59637,0.5862,0.5759,0.56548,0.55493,0.54427,0.53348,0.52258,0.51156,0.50043,0.48919,0.47785,0.46639,0.45484,0.44319,0.43144,0.41959,0.40765,0.39562,0.38351,0.37131,0.35902,0.34666,0.33422,0.32171,0.30913,0.29647,0.28375,0.27097,0.25812,0.24522,0.23226,0.21925,0.2062,0.19309,0.17994,0.16675,0.15352,0.14025,0.12696,0.11363,0.10027,0.086896,0.073497,0.06008,0.046647,0.033202,0.019747,0.0062854,-0.0071797,-0.020646,-0.034109,-0.047568,-0.061019,-0.074459,-0.087885,-0.10129,-0.11469,-0.12805,-0.1414,-0.15471,-0.16799,-0.18124,-0.19445,-0.20763,-0.22076,-0.23384,-0.24688,-0.25986,-0.27279,-0.28567,-0.29848,-0.31124,-0.32393,-0.33655,-0.3491,-0.36157,-0.37397,-0.3863,-0.39854,-0.41069,-0.42277,-0.43475,-0.44664,-0.45843,-0.47013,-0.48173,-0.49323,-0.50462,-0.51591,-0.52708,-0.53815,-0.5491,-0.55994,-0.57065,-0.58125,-0.59172,-0.60206,-0.61228,-0.62237,-0.63232,-0.64215,-0.65183,-0.66138,-0.67078,-0.68004,-0.68916,-0.69813,-0.70696,-0.71563,-0.72415,-0.73251,-0.74072,-0.74878,-0.75667,-0.7644,-0.77197,-0.77937,-0.78661,-0.79368,-0.80058,-0.80731,-0.81387,-0.82026,-0.82647,-0.8325,-0.83836,-0.84404,-0.84954,-0.85486,-0.85999,-0.86495,-0.86972,-0.8743,-0.8787,-0.88291,-0.88693,-0.89077,-0.89441,-0.89787,-0.90113,-0.9042,-0.90708,-0.90977,-0.91226,-0.91456,-0.91667,-0.91858,-0.9203,-0.92182,-0.92314,-0.92427,-0.9252,-0.92594,-0.92648,-0.92683,-0.92697,-0.92692,-0.92668,-0.92624,-0.9256,-0.92477,-0.92374,-0.92251,-0.92109,-0.91948,-0.91767,-0.91567,-0.91348,-0.91109,-0.90851,-0.90574,-0.90277,-0.89962,-0.89628,-0.89275,-0.88903,-0.88513,-0.88104,-0.87676,-0.8723,-0.86766,-0.86283,-0.85783,-0.85264,-0.84728,-0.84174,-0.83602,-0.83013,-0.82406,-0.81783,-0.81142,-0.80484,-0.7981,-0.79119,-0.78412,-0.77688,-0.76948,-0.76193,-0.75421,-0.74634,-0.73832,-0.73014,-0.72181,-0.71334,-0.70471,-0.69594,-0.68703,-0.67798,-0.66879,-0.65946,-0.65,-0.64041,-0.63068,-0.62083,-0.61085,-0.60075,-0.59052,-0.58018,-0.56972,-0.55914,-0.54845,-0.53766,-0.52675,-0.51574,-0.50463,-0.49341,-0.4821,-0.4707,-0.4592,-0.44761,-0.43593,-0.42417,-0.41232,-0.4004,-0.3884,-0.37632,-0.36418,-0.35196,-0.33968,-0.32733,-0.31492,-0.30245,-0.28993,-0.27736,-0.26473,-0.25206,-0.23934,-0.22658,-0.21378,-0.20095,-0.18808,-0.17518,-0.16225,-0.1493,-0.13633,-0.12333,-0.11032,-0.097299,-0.084263,-0.07122,-0.058171,-0.04512,-0.032069,-0.019021,-0.0059792,0.0070541,0.020076,0.033083,0.046074,0.059044,0.071992,0.084915,0.097809,0.11067,0.1235,0.1363,0.14905,0.16176,0.17443,0.18705,0.19962,0.21214,0.2246,0.23701,0.24935,0.26163,0.27385,0.286,0.29807,0.31008,0.322,0.33385,0.34562,0.35731,0.36891,0.38042,0.39184,0.40317,0.4144,0.42554,0.43657,0.44751,0.45834,0.46906,0.47968,0.49018,0.50057,0.51085,0.521,0.53104,0.54096,0.55076,0.56043,0.56997,0.57938,0.58867,0.59782,0.60683,0.61571,0.62445,0.63305,0.64151,0.64983,0.658,0.66603,0.67391,0.68164,0.68921,0.69664,0.70391,0.71103,0.71799,0.72479,0.73144,0.73792,0.74425,0.75041,0.7564,0.76224,0.7679,0.77341,0.77874,0.7839,0.7889,0.79373,0.79838,0.80286,0.80717,0.81131,0.81528,0.81907,0.82268,0.82612,0.82939,0.83247,0.83539,0.83812,0.84068,0.84306,0.84526,0.84728,0.84913,0.8508,0.85229,0.8536,0.85473,0.85569,0.85646,0.85706,0.85748,0.85773,0.85779,0.85768,0.8574,0.85693,0.85629,0.85548,0.85449,0.85333,0.85199,0.85048,0.84879,0.84694,0.84491,0.84271,0.84035,0.83781,0.83511,0.83224,0.8292,0.826,0.82264,0.81911,0.81542,0.81157,0.80756,0.80339,0.79906,0.79458,0.78995,0.78516,0.78022,0.77512,0.76988,0.7645,0.75896,0.75328,0.74746,0.7415,0.73539,0.72915,0.72278,0.71626,0.70962,0.70284,0.69593,0.6889,0.68174,0.67446,0.66705,0.65952,0.65188,0.64412,0.63624,0.62826,0.62016,0.61195,0.60364,0.59523,0.58671,0.57809,0.56937,0.56056,0.55166,0.54266,0.53358,0.52441,0.51515,0.50582,0.4964,0.4869,0.47733,0.46769,0.45798,0.4482,0.43835,0.42844,0.41847,0.40844,0.39835,0.38821,0.37802,0.36778,0.35749,0.34716,0.33678,0.32637,0.31592,0.30544,0.29492,0.28438,0.27381,0.26321,0.25259,0.24196,0.2313,0.22063,0.20995,0.19926,0.18856,0.17786,0.16716,0.15645,0.14575,0.13505,0.12436,0.11368,0.10301,0.092362,0.081726,0.07111,0.060517,0.049947,0.039404,0.02889,0.018408,0.0079587,-0.0024541,-0.012829,-0.023163,-0.033454,-0.0437,-0.053898,-0.064047,-0.074144,-0.084187,-0.094174,-0.1041,-0.11397,-0.12378,-0.13352,-0.14319,-0.1528,-0.16233,-0.17179,-0.18118,-0.19049,-0.19972,-0.20887,-0.21794,-0.22692,-0.23582,-0.24463,-0.25335,-0.26197,-0.27051,-0.27895,-0.28729,-0.29553,-0.30367,-0.31171,-0.31965,-0.32748,-0.33521,-0.34282,-0.35033,-0.35773,-0.36501,-0.37218,-0.37924,-0.38618,-0.393,-0.3997,-0.40629,-0.41275,-0.41909,-0.4253,-0.43139,-0.43736,-0.44319,-0.4489,-0.45448,-0.45994,-0.46526,-0.47045,-0.4755,-0.48043,-0.48522,-0.48987,-0.49439,-0.49878,-0.50302,-0.50713,-0.51111,-0.51494,-0.51864,-0.5222,-0.52561,-0.52889,-0.53203,-0.53503,-0.53788,-0.5406,-0.54317,-0.54561,-0.5479,-0.55005,-0.55206,-0.55393,-0.55565,-0.55724,-0.55868,-0.55998,-0.56114,-0.56216,-0.56304,-0.56378,-0.56438,-0.56484,-0.56516,-0.56534,-0.56538,-0.56528,-0.56505,-0.56468,-0.56417,-0.56353,-0.56275,-0.56184,-0.5608,-0.55962,-0.55831,-0.55686,-0.55529,-0.55359,-0.55175,-0.5498,-0.54771,-0.5455,-0.54316,-0.5407,-0.53811,-0.5354,-0.53258,-0.52963,-0.52657,-0.52338,-0.52009,-0.51667,-0.51315,-0.50951,-0.50576,-0.50191,-0.49794,-0.49387,-0.48969,-0.48541,-0.48103,-0.47655,-0.47197,-0.46729,-0.46252,-0.45765,-0.45269,-0.44764,-0.44249,-0.43727,-0.43195,-0.42655,-0.42107,-0.41551,-0.40987,-0.40415,-0.39836,-0.3925,-0.38656,-0.38055,-0.37448,-0.36833,-0.36213,-0.35586,-0.34954,-0.34315,-0.33671,-0.33021,-0.32366,-0.31706,-0.31041,-0.30372,-0.29698,-0.2902,-0.28338,-0.27651,-0.26962,-0.26269,-0.25572,-0.24873,-0.2417,-0.23465,-0.22758,-0.22049,-0.21337,-0.20624,-0.19909,-0.19192,-0.18474,-0.17756,-0.17036,-0.16317,-0.15596,-0.14876,-0.14155,-0.13435,-0.12715,-0.11996,-0.11277,-0.1056,-0.09844,-0.091294,-0.084163,-0.077051,-0.06996,-0.062891,-0.055845,-0.048826,-0.041836,-0.034875,-0.027946,-0.02105,-0.014191,-0.0073686,-0.00058592,0.0061556,0.012854,0.019508,0.026115,0.032673,0.039182,0.045638,0.052041,0.058389,0.064679,0.070911,0.077082,0.083192,0.089238,0.095218,0.10113,0.10698,0.11275,0.11846,0.12409,0.12965,0.13513,0.14053,0.14586,0.15111,0.15627,0.16135,0.16635,0.17127,0.17609,0.18083,0.18548,0.19005,0.19452,0.19889,0.20318,0.20737,0.21146,0.21546,0.21936,0.22317,0.22687,0.23047,0.23398,0.23738,0.24068,0.24387,0.24696,0.24995,0.25283,0.25561,0.25828,0.26084,0.26329,0.26564,0.26787,0.27,0.27202,0.27393,0.27572,0.27741,0.27898,0.28045,0.2818,0.28304,0.28417,0.28518,0.28609,0.28688,0.28756,0.28812,0.28858,0.28892,0.28915,0.28926,0.28927,0.28916,0.28894,0.28861,0.28817,0.28762,0.28695,0.28618,0.2853,0.2843,0.2832,0.28199,0.28067,0.27924,0.27771,0.27607,0.27432,0.27247,0.27052,0.26846,0.2663,0.26403,0.26166,0.2592,0.25663,0.25397,0.2512,0.24834,0.24538,0.24233,0.23919,0.23595,0.23262,0.22919,0.22568,0.22208,0.21839,0.21462,0.21076,0.20681,0.20279,0.19868,0.19449,0.19022,0.18588,0.18146,0.17696,0.17239,0.16775,0.16304,0.15826,0.15341,0.14849,0.14351,0.13847,0.13337,0.1282,0.12298,0.1177,0.11237,0.10698,0.10154,0.096052,0.090514,0.084929,0.079298,0.073624,0.067908,0.062152,0.056358,0.050527,0.044661,0.038762,0.032832,0.026873,0.020885,0.014872,0.0088346,0.0027748,-0.0033054,-0.0094044,-0.01552,-0.021651,-0.027795,-0.03395,-0.040115,-0.046288,-0.052466,-0.058649,-0.064833,-0.071018,-0.077201,-0.083381,-0.089555,-0.095723,-0.10188,-0.10803,-0.11416,-0.12028,-0.12639,-0.13247,-0.13854,-0.14459,-0.15061,-0.1566,-0.16257,-0.16851,-0.17442,-0.1803,-0.18614,-0.19194,-0.19771,-0.20344,-0.20913,-0.21477,-0.22037,-0.22593,-0.23143,-0.23689,-0.2423,-0.24765,-0.25295,-0.25819,-0.26337,-0.2685,-0.27356,-0.27856,-0.2835,-0.28837,-0.29318,-0.29791,-0.30258,-0.30718,-0.3117,-0.31615,-0.32052,-0.32482,-0.32904,-0.33318,-0.33723,-0.34121,-0.3451,-0.34891,-0.35264,-0.35627,-0.35982,-0.36328,-0.36665,-0.36993,-0.37311,-0.37621,-0.3792,-0.38211,-0.38491,-0.38762,-0.39023,-0.39274,-0.39516,-0.39747,-0.39968,-0.40178,-0.40379,-0.40569,-0.40748,-0.40917,-0.41076,-0.41224,-0.41361,-0.41487,-0.41603,-0.41708,-0.41802,-0.41885,-0.41957,-0.42018,-0.42068,-0.42107,-0.42134,-0.42151,-0.42157,-0.42151,-0.42134,-0.42106,-0.42067,-0.42016,-0.41955,-0.41882,-0.41798,-0.41702,-0.41596,-0.41478,-0.41349,-0.41209,-0.41058,-0.40896,-0.40722,-0.40538,-0.40342,-0.40136,-0.39918,-0.3969,-0.39451,-0.39201,-0.3894,-0.38669,-0.38386,-0.38094,-0.3779,-0.37476,-0.37152,-0.36818,-0.36473,-0.36118,-0.35753,-0.35378,-0.34993,-0.34598,-0.34193,-0.33778,-0.33354,-0.32921,-0.32478,-0.32026,-0.31564,-0.31094,-0.30615,-0.30126,-0.29629,-0.29124,-0.2861,-0.28087,-0.27557,-0.27018,-0.26471,-0.25916,-0.25354,-0.24784,-0.24206,-0.23621,-0.23029,-0.2243,-0.21824,-0.21211,-0.20592,-0.19966,-0.19334,-0.18696,-0.18052,-0.17402,-0.16746,-0.16085,-0.15419,-0.14747,-0.1407,-0.13389,-0.12702,-0.12012,-0.11316,-0.10617,-0.09914,-0.092069,-0.084962,-0.07782,-0.070645,-0.06344,-0.056205,-0.048942,-0.041654,-0.034341,-0.027007,-0.019653,-0.01228,-0.0048909,0.0025131,0.0099298,0.017357,0.024794,0.032238,0.039687,0.04714,0.054594,0.062048,0.0695,0.076948,0.08439,0.091824,0.099248,0.10666,0.11406,0.12144,0.12881,0.13616,0.14348,0.15079,0.15807,0.16532,0.17255,0.17974,0.1869,0.19403,0.20112,0.20818,0.21519,0.22217,0.2291,0.23599,0.24283,0.24962,0.25637,0.26306,0.2697,0.27628,0.28281,0.28928,0.29568,0.30203,0.30832,0.31453,0.32069,0.32677,0.33279,0.33873,0.3446,0.3504,0.35612,0.36176,0.36733,0.37281,0.37821,0.38354,0.38877,0.39392,0.39899,0.40396,0.40885,0.41364,0.41835,0.42296,0.42747,0.43189,0.43622,0.44044,0.44457,0.44859,0.45252,0.45634,0.46006,0.46368,0.46719,0.47059,0.47389,0.47708,0.48016,0.48313,0.486,0.48875,0.49139,0.49391,0.49633,0.49863,0.50081,0.50288,0.50484,0.50668,0.5084,0.51001,0.5115,0.51287,0.51412,0.51526,0.51627,0.51717,0.51795,0.5186,0.51914,0.51956,0.51986,0.52003,0.52009,0.52003,0.51985,0.51954,0.51912,0.51858,0.51791,0.51713,0.51623,0.51521,0.51406,0.5128,0.51143,0.50993,0.50831,0.50658,0.50473,0.50276,0.50068,0.49848,0.49617,0.49374,0.4912,0.48854,0.48577,0.48289,0.4799,0.4768,0.47359,0.47026,0.46683,0.4633,0.45966,0.45591,0.45205,0.4481,0.44404,0.43988,0.43562,0.43126,0.4268,0.42224,0.41759,0.41284,0.408,0.40307,0.39804,0.39293,0.38773,0.38244,0.37706,0.3716,0.36606,0.36043,0.35473,0.34894,0.34308,0.33714,0.33113,0.32504,0.31889,0.31266,0.30637,0.30001,0.29358,0.28709,0.28054,0.27393,0.26726,0.26053,0.25375,0.24692,0.24004,0.2331,0.22612,0.21909,0.21202,0.2049,0.19775,0.19055,0.18332,0.17606,0.16876,0.16143,0.15407,0.14668,0.13927,0.13183,0.12437,0.11689,0.1094,0.10189,0.094359,0.086821,0.079272,0.071715,0.064153,0.056585,0.049016,0.041445,0.033877,0.026312,0.018752,0.0112,0.0036571,-0.0038745,-0.011393,-0.018896,-0.026382,-0.033849,-0.041295,-0.048718,-0.056116,-0.063487,-0.07083,-0.078142,-0.085421,-0.092667,-0.099876,-0.10705,-0.11418,-0.12127,-0.12831,-0.13531,-0.14226,-0.14917,-0.15602,-0.16282,-0.16956,-0.17625,-0.18288,-0.18946,-0.19597,-0.20241,-0.2088,-0.21511,-0.22136,-0.22754,-0.23364,-0.23968,-0.24563,-0.25152,-0.25732,-0.26305,-0.2687,-0.27426,-0.27974,-0.28513,-0.29044,-0.29566,-0.30079,-0.30584,-0.31079,-0.31564,-0.3204,-0.32507,-0.32964,-0.33411,-0.33848,-0.34275,-0.34693,-0.35099,-0.35496,-0.35882,-0.36257,-0.36622,-0.36976,-0.37319,-0.37651,-0.37972,-0.38282,-0.3858,-0.38868,-0.39144,-0.39409,-0.39662,-0.39903,-0.40133,-0.40352,-0.40558,-0.40753,-0.40936,-0.41106,-0.41265,-0.41412,-0.41547,-0.4167,-0.41781,-0.41879,-0.41966,-0.4204,-0.42102,-0.42152,-0.42189,-0.42215,-0.42228,-0.42229,-0.42217,-0.42193,-0.42157,-0.42109,-0.42049,-0.41976,-0.41891,-0.41794,-0.41685,-0.41563,-0.4143,-0.41284,-0.41127,-0.40957,-0.40776,-0.40582,-0.40377,-0.4016,-0.39931,-0.39691,-0.39439,-0.39175,-0.389,-0.38614,-0.38316,-0.38007,-0.37686,-0.37355,-0.37013,-0.3666,-0.36296,-0.35921,-0.35536,-0.3514,-0.34733,-0.34317,-0.3389,-0.33453,-0.33006,-0.3255,-0.32083,-0.31607,-0.31122,-0.30627,-0.30123,-0.2961,-0.29088,-0.28557,-0.28017,-0.27469,-0.26913,-0.26348,-0.25776,-0.25195,-0.24607,-0.24011,-0.23407,-0.22797,-0.22179,-0.21554,-0.20922,-0.20284,-0.19639,-0.18989,-0.18332,-0.17669,-0.17,-0.16326,-0.15646,-0.14961,-0.14272,-0.13577,-0.12878,-0.12174,-0.11466,-0.10754,-0.10038,-0.093187,-0.085957,-0.078694,-0.071401,-0.064078,-0.056729,-0.049355,-0.041958,-0.034541,-0.027105,-0.019652,-0.012184,-0.0047045,0.002786,0.010285,0.01779,0.0253,0.032812,0.040324,0.047834,0.05534,0.06284,0.070332,0.077813,0.085282,0.092737,0.10018,0.10759,0.11499,0.12237,0.12972,0.13705,0.14434,0.15161,0.15884,0.16603,0.17319,0.18031,0.18739,0.19443,0.20142,0.20836,0.21526,0.2221,0.22889,0.23563,0.2423,0.24892,0.25548,0.26198,0.26841,0.27477,0.28107,0.2873,0.29345,0.29953,0.30554,0.31146,0.31731,0.32308,0.32876,0.33436,0.33988,0.34531,0.35064,0.35589,0.36105,0.36611,0.37107,0.37594,0.38071,0.38538,0.38994,0.39441,0.39877,0.40302,0.40717,0.41121,0.41514,0.41896,0.42266,0.42625,0.42973,0.43309,0.43634,0.43947,0.44247,0.44536,0.44813,0.45077,0.45329,0.45569,0.45796,0.4601,0.46212,0.46401,0.46578,0.46741,0.46891,0.47029,0.47153,0.47264,0.47362,0.47446,0.47518,0.47576,0.4762,0.47651,0.47668,0.47672,0.47663,0.4764,0.47603,0.47552,0.47488,0.4741,0.47319,0.47214,0.47095,0.46962,0.46816,0.46656,0.46483,0.46295,0.46095,0.4588,0.45652,0.45411,0.45155,0.44887,0.44605,0.44309,0.44001,0.43679,0.43343,0.42995,0.42633,0.42258,0.41871,0.4147,0.41056,0.4063,0.40191,0.3974,0.39275,0.38799,0.3831,0.37809,0.37295,0.3677,0.36233,0.35684,0.35123,0.34551,0.33967,0.33371,0.32765,0.32148,0.31519,0.3088,0.3023,0.29569,0.28898,0.28217,0.27526,0.26825,0.26114,0.25393,0.24663,0.23923,0.23175,0.22417,0.21651,0.20876,0.20093,0.19301,0.18501,0.17693,0.16878,0.16055,0.15224,0.14387,0.13543,0.12691,0.11834,0.10969,0.10099,0.092228,0.083408,0.074533,0.065604,0.056624,0.047595,0.038519,0.029398,0.020235,0.011031,0.0017892,-0.0074886,-0.0168,-0.026143,-0.035515,-0.044914,-0.054338,-0.063784,-0.07325,-0.082734,-0.092234,-0.10175,-0.11127,-0.1208,-0.13034,-0.13988,-0.14942,-0.15897,-0.1685,-0.17804,-0.18756,-0.19708,-0.20658,-0.21606,-0.22553,-0.23498,-0.24441,-0.25381,-0.26318,-0.27253,-0.28184,-0.29112,-0.30037,-0.30957,-0.31873,-0.32785,-0.33692,-0.34595,-0.35492,-0.36384,-0.37271,-0.38152,-0.39027,-0.39895,-0.40758,-0.41613,-0.42462,-0.43304,-0.44138,-0.44965,-0.45783,-0.46594,-0.47397,-0.48192,-0.48977,-0.49754,-0.50522,-0.51281,-0.5203,-0.52769,-0.53499,-0.54219,-0.54928,-0.55627,-0.56315,-0.56993,-0.57659,-0.58314,-0.58958,-0.5959,-0.60211,-0.60819,-0.61416,-0.62,-0.62572,-0.63131,-0.63677,-0.64211,-0.64731,-0.65238,-0.65732,-0.66212,-0.66678,-0.67131,-0.6757,-0.67994,-0.68405,-0.68801,-0.69182,-0.69549,-0.69902,-0.70239,-0.70561,-0.70869,-0.71161,-0.71437,-0.71699,-0.71945,-0.72175,-0.7239,-0.72589,-0.72772,-0.72939,-0.73091,-0.73226,-0.73345,-0.73448,-0.73535,-0.73605,-0.73659,-0.73697,-0.73718,-0.73722,-0.73711,-0.73682,-0.73637,-0.73576,-0.73497,-0.73402,-0.73291,-0.73163,-0.73018,-0.72856,-0.72678,-0.72483,-0.72271,-0.72043,-0.71798,-0.71536,-0.71258,-0.70964,-0.70652,-0.70325,-0.69981,-0.6962,-0.69243,-0.6885,-0.68441,-0.68015,-0.67573,-0.67115,-0.66642,-0.66152,-0.65647,-0.65125,-0.64588,-0.64036,-0.63468,-0.62885,-0.62286,-0.61673,-0.61044,-0.604,-0.59742,-0.59069,-0.58381,-0.57679,-0.56963,-0.56232,-0.55487,-0.54729,-0.53956,-0.53171,-0.52371,-0.51559,-0.50733,-0.49894,-0.49043,-0.48179,-0.47302,-0.46413,-0.45512,-0.446,-0.43675,-0.42739,-0.41791,-0.40833,-0.39863,-0.38883,-0.37892,-0.3689,-0.35879,-0.34857,-0.33826,-0.32785,-0.31735,-0.30676,-0.29608,-0.28532,-0.27447,-0.26354,-0.25252,-0.24144,-0.23027,-0.21904,-0.20773,-0.19636,-0.18492,-0.17342,-0.16186,-0.15024,-0.13856,-0.12684,-0.11506,-0.10324,-0.091366,-0.079453,-0.067501,-0.055511,-0.043487,-0.03143,-0.019344,-0.0072316,0.0049053,0.017064,0.029241,0.041434,0.053641,0.065858,0.078084,0.090314,0.10255,0.11478,0.12701,0.13924,0.15145,0.16366,0.17585,0.18803,0.20018,0.21232,0.22443,0.23651,0.24856,0.26058,0.27257,0.28451,0.29642,0.30828,0.3201,0.33186,0.34358,0.35524,0.36685,0.37839,0.38987,0.40129,0.41264,0.42392,0.43513,0.44626,0.45732,0.46829,0.47919,0.48999,0.50071,0.51134,0.52188,0.53232,0.54266,0.55291,0.56305,0.57309,0.58302,0.59284,0.60255,0.61214,0.62162,0.63098,0.64022,0.64934,0.65833,0.6672,0.67593,0.68454,0.69301,0.70135,0.70955,0.71761,0.72553,0.73331,0.74094,0.74843,0.75576,0.76295,0.76999,0.77687,0.78359,0.79016,0.79657,0.80282,0.80891,0.81484,0.8206,0.82619,0.83162,0.83688,0.84197,0.84689,0.85163,0.8562,0.8606,0.86481,0.86886,0.87272,0.8764,0.87991,0.88323,0.88637,0.88933,0.8921,0.89469,0.89709,0.89931,0.90134,0.90318,0.90484,0.9063,0.90758,0.90867,0.90957,0.91028,0.9108,0.91112,0.91126,0.9112,0.91096,0.91052,0.90989,0.90907,0.90806,0.90686,0.90546,0.90387,0.9021,0.90013,0.89797,0.89562,0.89308,0.89036,0.88744,0.88434,0.88104,0.87756,0.8739,0.87004,0.866,0.86178,0.85737,0.85278,0.84801,0.84306,0.83793,0.83261,0.82712,0.82145,0.81561,0.80959,0.8034,0.79703,0.7905,0.78379,0.77691,0.76987,0.76266,0.75529,0.74776,0.74006,0.7322,0.72419,0.71602,0.70769,0.69921,0.69058,0.6818,0.67288,0.6638,0.65459,0.64523,0.63573,0.62609,0.61632,0.60641,0.59637,0.5862,0.5759,0.56548,0.55493,0.54427,0.53348,0.52258,0.51156,0.50043,0.48919,0.47785,0.46639,0.45484,0.44319,0.43144,0.41959,0.40765,0.39562,0.38351,0.37131,0.35902,0.34666,0.33422,0.32171,0.30913,0.29647,0.28375,0.27097,0.25812,0.24522,0.23226,0.21925,0.2062,0.19309,0.17994,0.16675,0.15352,0.14025,0.12696,0.11363,0.10027,0.086896,0.073497,0.06008,0.046647,0.033202,0.019747,0.0062854,-0.0071797,-0.020646,-0.034109,-0.047568,-0.061019,-0.074459,-0.087885,-0.10129,-0.11469,-0.12805,-0.1414,-0.15471,-0.16799,-0.18124,-0.19445,-0.20763,-0.22076,-0.23384,-0.24688,-0.25986,-0.27279,-0.28567,-0.29848,-0.31124,-0.32393,-0.33655,-0.3491,-0.36157,-0.37397,-0.3863,-0.39854,-0.41069,-0.42277,-0.43475,-0.44664,-0.45843,-0.47013,-0.48173,-0.49323,-0.50462,-0.51591,-0.52708,-0.53815,-0.5491,-0.55994,-0.57065,-0.58125,-0.59172,-0.60206,-0.61228,-0.62237,-0.63232,-0.64215,-0.65183,-0.66138,-0.67078,-0.68004,-0.68916,-0.69813,-0.70696,-0.71563,-0.72415,-0.73251,-0.74072,-0.74878,-0.75667,-0.7644,-0.77197,-0.77937,-0.78661,-0.79368,-0.80058,-0.80731,-0.81387,-0.82026,-0.82647,-0.8325,-0.83836,-0.84404,-0.84954,-0.85486,-0.85999,-0.86495,-0.86972,-0.8743,-0.8787,-0.88291,-0.88693,-0.89077,-0.89441,-0.89787,-0.90113,-0.9042,-0.90708,-0.90977,-0.91226,-0.91456,-0.91667,-0.91858,-0.9203,-0.92182,-0.92314,-0.92427,-0.9252,-0.92594,-0.92648,-0.92683,-0.92697,-0.92692,-0.92668,-0.92624,-0.9256,-0.92477,-0.92374,-0.92251,-0.92109,-0.91948,-0.91767,-0.91567,-0.91348,-0.91109,-0.90851,-0.90574,-0.90277,-0.89962,-0.89628,-0.89275,-0.88903,-0.88513,-0.88104,-0.87676,-0.8723,-0.86766,-0.86283,-0.85783,-0.85264,-0.84728,-0.84174,-0.83602,-0.83013,-0.82406,-0.81783,-0.81142,-0.80484,-0.7981,-0.79119,-0.78412,-0.77688,-0.76948,-0.76193,-0.75421,-0.74634,-0.73832,-0.73014,-0.72181,-0.71334,-0.70471,-0.69594,-0.68703,-0.67798,-0.66879,-0.65946,-0.65,-0.64041,-0.63068,-0.62083,-0.61085,-0.60075,-0.59052,-0.58018,-0.56972,-0.55914,-0.54845,-0.53766,-0.52675,-0.51574,-0.50463,-0.49341,-0.4821,-0.4707,-0.4592,-0.44761,-0.43593,-0.42417,-0.41232,-0.4004,-0.3884,-0.37632,-0.36418,-0.35196,-0.33968,-0.32733,-0.31492,-0.30245,-0.28993,-0.27736,-0.26473,-0.25206,-0.23934,-0.22658,-0.21378,-0.20095,-0.18808,-0.17518,-0.16225,-0.1493,-0.13633,-0.12333,-0.11032,-0.097299,-0.084263,-0.07122,-0.058171,-0.04512,-0.032069,-0.019021,-0.0059792,0.0070541,0.020076,0.033083,0.046074,0.059044,0.071992,0.084915,0.097809,0.11067,0.1235,0.1363,0.14905,0.16176,0.17443,0.18705,0.19962,0.21214,0.2246,0.23701,0.24935,0.26163,0.27385,0.286,0.29807,0.31008,0.322,0.33385,0.34562,0.35731,0.36891,0.38042,0.39184,0.40317,0.4144,0.42554,0.43657,0.44751,0.45834,0.46906,0.47968,0.49018,0.50057,0.51085,0.521,0.53104,0.54096,0.55076,0.56043,0.56997,0.57938,0.58867,0.59782,0.60683
